Resolution: 0.05000000074505806
Width: 163
Height: 160
Origin: position: 
  x: -1.888606643676758
  y: -5.757850646972656
  z: 0.0
orientation: 
  x: 0.0
  y: 0.0
  z: 0.0
  w: 1.0
Data:
-1 -1 -1 -1 -1 -1 -1 -1 -1 -1 -1 -1 -1 -1 -1 -1 -1 -1 -1 -1 -1 -1 -1 -1 -1 -1 -1 -1 -1 -1 -1 -1 -1 -1 -1 -1 -1 -1 -1 -1 -1 -1 -1 -1 -1 -1 -1 -1 -1 -1 -1 -1 -1 -1 -1 -1 -1 -1 -1 -1 -1 -1 -1 -1 -1 -1 -1 -1 -1 -1 -1 -1 -1 -1 -1 -1 -1 -1 -1 -1 -1 -1 -1 -1 -1 -1 -1 -1 -1 -1 -1 -1 -1 -1 -1 -1 -1 -1 -1 -1 -1 -1 -1 -1 -1 -1 -1 -1 -1 -1 -1 -1 -1 -1 -1 -1 -1 -1 -1 -1 -1 -1 -1 -1 -1 -1 -1 -1 -1 -1 -1 -1 -1 -1 -1 -1 -1 -1 -1 -1 -1 -1 -1 -1 -1 -1 -1 -1 -1 -1 -1 -1 -1 -1 -1 -1 -1 -1 -1 -1 -1 -1 -1
-1 -1 -1 -1 -1 -1 -1 -1 -1 -1 -1 -1 -1 -1 -1 -1 -1 -1 -1 -1 -1 -1 -1 -1 -1 -1 -1 -1 -1 -1 -1 -1 -1 -1 -1 -1 -1 -1 -1 -1 -1 -1 -1 -1 -1 -1 -1 -1 -1 -1 -1 -1 -1 -1 -1 -1 -1 -1 -1 -1 -1 -1 -1 -1 -1 -1 -1 -1 -1 -1 -1 -1 -1 -1 -1 -1 -1 -1 -1 -1 -1 -1 -1 -1 -1 -1 -1 -1 -1 -1 -1 -1 -1 -1 -1 -1 -1 -1 -1 -1 -1 -1 -1 -1 -1 -1 -1 -1 -1 -1 -1 -1 -1 -1 -1 -1 -1 -1 -1 -1 -1 -1 -1 -1 -1 -1 -1 -1 -1 -1 -1 -1 -1 -1 -1 -1 -1 -1 -1 -1 -1 -1 -1 -1 -1 -1 -1 -1 -1 -1 -1 -1 -1 -1 -1 -1 -1 -1 -1 -1 -1 -1 -1
-1 -1 -1 -1 -1 -1 -1 -1 -1 -1 -1 -1 -1 -1 -1 -1 -1 -1 -1 -1 -1 -1 -1 -1 -1 -1 -1 -1 -1 -1 -1 -1 -1 -1 -1 -1 -1 -1 -1 -1 -1 -1 -1 -1 -1 -1 -1 -1 -1 -1 -1 -1 -1 -1 -1 -1 -1 -1 -1 -1 -1 -1 -1 -1 -1 -1 -1 -1 -1 -1 -1 -1 -1 -1 -1 -1 -1 -1 -1 -1 -1 -1 -1 -1 -1 -1 -1 -1 -1 -1 -1 -1 -1 -1 -1 -1 -1 -1 -1 -1 -1 -1 -1 -1 -1 -1 -1 -1 -1 -1 -1 -1 -1 -1 -1 -1 -1 -1 -1 -1 -1 -1 -1 -1 -1 -1 -1 -1 -1 -1 -1 -1 -1 -1 -1 -1 -1 -1 -1 -1 -1 -1 -1 -1 -1 -1 -1 -1 -1 -1 -1 -1 -1 -1 -1 -1 -1 -1 -1 -1 -1 -1 -1
-1 -1 -1 -1 -1 -1 -1 -1 -1 -1 -1 -1 -1 -1 -1 -1 -1 -1 -1 -1 -1 -1 -1 -1 -1 -1 -1 -1 -1 -1 -1 -1 -1 -1 -1 -1 -1 -1 -1 -1 -1 -1 -1 -1 -1 -1 -1 -1 -1 -1 -1 -1 -1 -1 -1 -1 -1 -1 -1 -1 -1 -1 -1 -1 -1 -1 -1 -1 -1 -1 -1 -1 -1 -1 -1 -1 -1 -1 -1 -1 -1 -1 -1 -1 -1 -1 -1 -1 -1 -1 -1 -1 -1 -1 -1 -1 -1 -1 -1 -1 -1 -1 -1 -1 -1 -1 -1 -1 -1 -1 -1 -1 -1 -1 -1 -1 -1 -1 -1 -1 -1 -1 -1 -1 -1 -1 -1 -1 -1 -1 -1 -1 -1 -1 -1 -1 -1 -1 -1 -1 -1 -1 -1 -1 -1 -1 -1 -1 -1 -1 -1 -1 -1 -1 -1 -1 -1 -1 -1 -1 -1 -1 -1
-1 -1 -1 -1 -1 -1 -1 -1 -1 -1 -1 -1 -1 -1 -1 -1 -1 -1 -1 -1 -1 -1 -1 -1 -1 -1 -1 -1 -1 -1 -1 -1 -1 -1 -1 -1 -1 -1 -1 -1 -1 -1 -1 -1 -1 -1 -1 -1 -1 -1 -1 -1 -1 -1 -1 -1 -1 -1 -1 -1 -1 -1 -1 -1 -1 -1 -1 -1 -1 -1 -1 -1 -1 -1 -1 -1 -1 -1 -1 -1 -1 -1 -1 -1 -1 -1 -1 -1 -1 -1 -1 -1 -1 -1 -1 -1 -1 -1 -1 -1 -1 -1 -1 -1 -1 -1 -1 -1 -1 -1 -1 -1 -1 -1 -1 -1 -1 -1 -1 -1 -1 -1 -1 -1 -1 -1 -1 -1 -1 -1 -1 -1 -1 -1 -1 -1 -1 -1 -1 -1 -1 -1 -1 -1 -1 -1 -1 -1 -1 -1 -1 -1 -1 -1 -1 -1 -1 -1 -1 -1 -1 -1 -1
-1 -1 -1 -1 -1 -1 -1 -1 -1 -1 -1 -1 -1 -1 -1 -1 -1 -1 -1 -1 -1 -1 -1 -1 -1 -1 -1 -1 -1 -1 -1 -1 -1 -1 -1 -1 -1 -1 -1 -1 -1 -1 -1 -1 -1 -1 -1 -1 -1 -1 -1 -1 -1 -1 -1 -1 -1 50 51 -1 -1 -1 -1 -1 -1 -1 -1 -1 -1 -1 -1 -1 -1 -1 -1 -1 -1 -1 -1 -1 -1 -1 -1 -1 -1 -1 -1 -1 -1 -1 -1 -1 -1 -1 -1 -1 -1 -1 -1 -1 -1 -1 -1 -1 -1 -1 -1 -1 -1 -1 -1 -1 -1 -1 -1 -1 -1 -1 -1 -1 -1 -1 -1 -1 -1 -1 -1 -1 -1 -1 -1 -1 -1 -1 -1 -1 -1 -1 -1 -1 -1 -1 -1 -1 -1 -1 -1 -1 -1 -1 -1 -1 -1 -1 -1 -1 -1 -1 -1 -1 -1 -1 -1
-1 -1 -1 -1 -1 -1 -1 -1 -1 -1 -1 -1 -1 -1 -1 -1 -1 -1 -1 -1 -1 -1 -1 -1 -1 -1 -1 -1 -1 -1 -1 -1 -1 -1 -1 -1 -1 -1 -1 -1 -1 -1 -1 -1 -1 -1 -1 -1 -1 -1 -1 -1 -1 -1 -1 -1 -1 50 51 -1 -1 -1 -1 -1 -1 -1 -1 -1 -1 -1 -1 -1 -1 -1 -1 -1 -1 -1 -1 -1 -1 -1 -1 -1 -1 -1 -1 -1 -1 -1 -1 -1 -1 -1 -1 -1 -1 -1 -1 -1 -1 -1 -1 -1 -1 -1 -1 -1 -1 -1 -1 -1 -1 -1 -1 -1 -1 -1 -1 -1 -1 -1 -1 -1 -1 -1 -1 -1 -1 -1 -1 -1 -1 -1 -1 -1 -1 -1 -1 -1 -1 -1 -1 -1 -1 -1 -1 -1 -1 -1 -1 -1 -1 -1 -1 -1 -1 -1 -1 -1 -1 -1 -1
-1 -1 -1 -1 -1 -1 -1 -1 -1 -1 -1 -1 -1 -1 -1 -1 -1 -1 -1 -1 -1 -1 -1 -1 -1 -1 -1 -1 -1 -1 -1 -1 -1 -1 -1 -1 -1 -1 -1 -1 -1 -1 -1 -1 -1 -1 -1 -1 -1 -1 -1 -1 -1 -1 -1 -1 -1 50 49 -1 -1 -1 -1 -1 -1 -1 -1 -1 -1 -1 -1 -1 -1 -1 -1 -1 -1 -1 -1 -1 -1 -1 -1 -1 -1 -1 -1 -1 -1 -1 -1 -1 -1 -1 -1 -1 -1 -1 -1 -1 -1 -1 -1 -1 -1 -1 -1 -1 -1 -1 -1 -1 -1 -1 -1 -1 -1 -1 -1 -1 -1 -1 -1 -1 -1 -1 -1 -1 -1 -1 -1 -1 -1 -1 -1 -1 -1 -1 -1 -1 -1 -1 -1 -1 -1 -1 -1 -1 -1 -1 -1 -1 -1 -1 -1 -1 -1 -1 -1 -1 -1 -1 -1
-1 -1 -1 -1 -1 -1 -1 -1 -1 -1 -1 -1 -1 -1 -1 -1 -1 -1 -1 -1 -1 -1 -1 -1 -1 -1 -1 -1 -1 -1 -1 -1 -1 -1 -1 -1 -1 -1 -1 -1 -1 -1 -1 -1 -1 -1 -1 -1 -1 -1 -1 -1 -1 -1 -1 -1 -1 49 49 -1 -1 -1 -1 -1 -1 -1 -1 -1 -1 -1 -1 -1 -1 -1 -1 -1 -1 -1 -1 -1 -1 -1 -1 -1 -1 -1 -1 -1 -1 -1 -1 -1 -1 -1 -1 -1 -1 -1 -1 -1 -1 -1 -1 -1 -1 -1 -1 -1 -1 -1 -1 -1 -1 -1 -1 -1 -1 -1 -1 -1 -1 -1 -1 -1 -1 -1 -1 -1 -1 -1 -1 -1 -1 -1 -1 -1 -1 -1 -1 -1 -1 -1 -1 -1 -1 -1 -1 -1 -1 -1 -1 -1 -1 -1 -1 -1 -1 -1 -1 -1 -1 -1 -1
-1 -1 -1 -1 -1 -1 -1 -1 -1 -1 -1 -1 -1 -1 -1 -1 -1 -1 -1 -1 -1 -1 -1 -1 -1 -1 -1 -1 -1 -1 -1 -1 -1 -1 -1 -1 -1 -1 -1 -1 -1 -1 -1 -1 -1 -1 -1 -1 -1 -1 -1 -1 -1 -1 -1 -1 50 51 49 -1 -1 -1 -1 -1 -1 -1 -1 -1 -1 -1 -1 -1 -1 -1 -1 -1 -1 -1 -1 -1 -1 -1 -1 -1 -1 -1 -1 -1 -1 -1 -1 -1 -1 -1 -1 -1 -1 -1 -1 -1 -1 -1 -1 -1 -1 -1 -1 -1 -1 -1 -1 -1 -1 -1 -1 -1 -1 -1 -1 -1 -1 -1 -1 -1 -1 -1 -1 -1 -1 -1 -1 -1 -1 -1 -1 -1 -1 -1 -1 -1 -1 -1 -1 -1 -1 -1 -1 -1 -1 -1 -1 -1 -1 -1 -1 -1 -1 -1 -1 -1 -1 -1 -1
-1 -1 -1 -1 -1 -1 -1 -1 -1 -1 -1 -1 -1 -1 -1 -1 -1 -1 -1 -1 -1 -1 -1 -1 -1 -1 -1 -1 -1 -1 -1 -1 -1 -1 -1 -1 -1 -1 -1 -1 -1 -1 -1 -1 -1 -1 -1 -1 -1 -1 -1 -1 -1 -1 -1 -1 50 51 49 -1 -1 -1 -1 -1 -1 -1 -1 -1 -1 -1 -1 -1 -1 -1 -1 -1 -1 -1 -1 -1 -1 -1 -1 -1 -1 -1 -1 -1 -1 -1 -1 -1 -1 -1 -1 -1 -1 -1 -1 -1 -1 -1 -1 -1 -1 -1 -1 -1 -1 -1 -1 -1 -1 -1 -1 -1 -1 -1 -1 -1 -1 -1 -1 -1 -1 -1 -1 -1 -1 -1 -1 -1 -1 -1 -1 -1 -1 -1 -1 -1 -1 -1 -1 -1 -1 -1 -1 -1 -1 -1 -1 -1 -1 -1 -1 -1 -1 -1 -1 -1 -1 -1 -1
-1 -1 -1 -1 -1 -1 -1 -1 -1 -1 -1 -1 -1 -1 -1 -1 -1 -1 -1 -1 -1 -1 -1 -1 -1 -1 -1 -1 -1 -1 -1 -1 -1 -1 -1 -1 -1 -1 -1 -1 -1 -1 -1 -1 -1 -1 -1 -1 -1 -1 -1 -1 -1 -1 -1 -1 50 51 50 -1 -1 -1 -1 -1 -1 -1 -1 -1 -1 -1 -1 -1 -1 -1 -1 -1 -1 -1 -1 -1 -1 -1 -1 -1 -1 -1 -1 -1 -1 -1 -1 -1 -1 -1 -1 -1 -1 -1 -1 -1 -1 -1 -1 -1 -1 -1 -1 -1 -1 -1 -1 -1 -1 -1 -1 -1 -1 -1 -1 -1 -1 -1 -1 -1 -1 -1 -1 -1 -1 -1 -1 -1 -1 -1 -1 -1 -1 -1 -1 -1 -1 -1 -1 -1 -1 -1 -1 -1 -1 -1 -1 -1 -1 -1 -1 -1 -1 -1 -1 -1 -1 -1 -1
-1 -1 -1 -1 -1 -1 -1 -1 -1 -1 -1 -1 -1 -1 -1 -1 -1 -1 -1 -1 -1 -1 -1 -1 -1 -1 -1 -1 -1 -1 -1 -1 -1 -1 -1 -1 -1 -1 -1 -1 -1 -1 -1 -1 -1 -1 -1 -1 -1 -1 -1 -1 -1 -1 -1 -1 50 49 47 -1 -1 -1 -1 -1 -1 -1 -1 -1 -1 -1 -1 -1 -1 -1 -1 -1 -1 -1 -1 -1 -1 -1 -1 -1 -1 -1 -1 -1 -1 -1 -1 -1 -1 -1 -1 -1 -1 -1 -1 -1 -1 -1 -1 -1 -1 -1 -1 -1 -1 -1 -1 -1 -1 -1 -1 -1 -1 -1 -1 -1 -1 -1 -1 -1 -1 -1 -1 -1 -1 -1 -1 -1 -1 -1 -1 -1 -1 -1 -1 -1 -1 -1 -1 -1 -1 -1 -1 -1 -1 -1 -1 -1 -1 -1 -1 -1 -1 -1 -1 -1 -1 -1 -1
-1 -1 -1 -1 -1 -1 -1 -1 -1 -1 -1 -1 -1 -1 -1 -1 -1 -1 -1 -1 -1 -1 -1 -1 -1 -1 -1 -1 -1 -1 -1 -1 -1 -1 -1 -1 -1 -1 -1 -1 -1 -1 -1 -1 -1 -1 -1 -1 -1 -1 -1 -1 -1 -1 -1 -1 50 52 51 -1 -1 -1 -1 -1 -1 -1 -1 -1 -1 -1 -1 -1 -1 -1 -1 -1 -1 -1 -1 -1 -1 -1 -1 -1 -1 -1 -1 -1 -1 -1 -1 -1 -1 -1 -1 -1 -1 -1 -1 -1 -1 -1 -1 -1 -1 -1 -1 -1 -1 -1 -1 -1 -1 -1 -1 -1 -1 -1 -1 -1 -1 -1 -1 -1 -1 -1 -1 -1 -1 -1 -1 -1 -1 -1 -1 -1 -1 -1 -1 -1 -1 -1 -1 -1 -1 -1 -1 -1 -1 -1 -1 -1 -1 -1 -1 -1 -1 -1 -1 -1 -1 -1 -1
-1 -1 -1 -1 -1 -1 -1 -1 -1 -1 -1 -1 -1 -1 -1 -1 -1 -1 -1 -1 -1 -1 -1 -1 -1 -1 -1 -1 -1 -1 -1 -1 -1 -1 -1 -1 -1 -1 -1 -1 -1 -1 -1 -1 -1 -1 -1 -1 -1 -1 -1 -1 -1 -1 -1 -1 50 52 50 49 -1 -1 -1 -1 -1 -1 -1 -1 -1 -1 -1 -1 -1 -1 -1 -1 -1 -1 -1 -1 -1 -1 -1 -1 -1 -1 -1 -1 -1 -1 -1 -1 -1 -1 -1 -1 -1 -1 -1 -1 -1 -1 -1 -1 -1 -1 -1 -1 -1 -1 -1 -1 -1 -1 -1 -1 -1 -1 -1 -1 -1 -1 -1 -1 -1 -1 -1 -1 -1 -1 -1 -1 -1 -1 -1 -1 -1 -1 -1 -1 -1 -1 -1 -1 -1 -1 -1 -1 -1 -1 -1 -1 -1 -1 -1 -1 -1 -1 -1 -1 -1 -1 -1
-1 -1 -1 -1 -1 -1 -1 -1 -1 -1 -1 -1 -1 -1 -1 -1 -1 -1 -1 -1 -1 -1 -1 -1 -1 -1 -1 -1 -1 -1 -1 -1 -1 -1 -1 -1 -1 -1 -1 -1 -1 -1 -1 -1 -1 -1 -1 -1 -1 -1 -1 -1 -1 -1 -1 -1 50 49 46 47 -1 -1 -1 -1 -1 -1 -1 -1 -1 -1 -1 -1 -1 -1 -1 -1 -1 -1 -1 -1 -1 -1 -1 -1 -1 -1 -1 -1 -1 -1 -1 -1 -1 -1 -1 -1 -1 -1 -1 -1 -1 -1 -1 -1 -1 -1 -1 -1 -1 -1 -1 -1 -1 -1 -1 -1 -1 -1 -1 -1 -1 -1 -1 -1 -1 -1 -1 -1 -1 -1 -1 -1 -1 -1 -1 -1 -1 -1 -1 -1 -1 -1 -1 -1 -1 -1 -1 -1 -1 -1 -1 -1 -1 -1 -1 -1 -1 -1 -1 -1 -1 -1 -1
-1 -1 -1 -1 -1 -1 -1 -1 -1 -1 -1 -1 -1 -1 -1 -1 -1 -1 -1 -1 -1 -1 -1 -1 -1 -1 -1 -1 -1 -1 -1 -1 -1 -1 -1 -1 -1 -1 -1 -1 -1 -1 -1 -1 -1 -1 -1 -1 -1 -1 -1 -1 -1 -1 -1 -1 51 53 49 47 -1 -1 -1 -1 -1 -1 -1 -1 -1 -1 -1 -1 -1 -1 -1 -1 -1 -1 -1 -1 -1 -1 -1 -1 -1 -1 -1 -1 -1 -1 -1 -1 -1 -1 -1 -1 -1 -1 -1 -1 -1 -1 53 69 80 59 50 -1 -1 -1 -1 -1 -1 -1 -1 -1 -1 -1 -1 -1 -1 -1 -1 -1 -1 -1 -1 -1 -1 -1 -1 -1 -1 -1 -1 -1 -1 -1 -1 -1 -1 -1 -1 -1 -1 -1 -1 -1 -1 -1 -1 -1 -1 50 50 50 -1 -1 -1 -1 -1 -1 -1
-1 -1 -1 -1 -1 -1 -1 -1 -1 -1 -1 -1 -1 -1 -1 -1 -1 -1 -1 -1 -1 -1 -1 -1 -1 -1 -1 -1 -1 -1 -1 -1 -1 -1 -1 -1 -1 -1 -1 -1 -1 -1 -1 -1 -1 -1 -1 -1 -1 -1 -1 -1 -1 -1 -1 -1 50 49 46 47 -1 -1 -1 -1 -1 -1 -1 -1 -1 -1 -1 -1 -1 -1 -1 -1 -1 -1 -1 -1 -1 -1 -1 -1 -1 -1 -1 -1 -1 -1 -1 -1 -1 -1 -1 -1 -1 -1 -1 51 56 56 60 75 69 51 49 -1 -1 -1 -1 -1 -1 -1 -1 -1 -1 -1 -1 -1 -1 -1 -1 -1 -1 -1 -1 -1 -1 -1 -1 -1 -1 -1 -1 -1 -1 -1 -1 -1 -1 -1 -1 -1 -1 -1 -1 -1 -1 -1 -1 -1 -1 50 53 53 51 -1 -1 -1 -1 -1 -1
-1 -1 -1 -1 -1 -1 -1 -1 -1 -1 -1 -1 -1 -1 -1 -1 -1 -1 -1 -1 -1 -1 -1 -1 -1 -1 -1 -1 -1 -1 -1 -1 -1 -1 -1 -1 -1 -1 -1 -1 -1 -1 -1 -1 -1 -1 -1 -1 -1 -1 -1 -1 -1 -1 -1 -1 50 51 49 46 -1 -1 -1 -1 -1 -1 -1 -1 -1 -1 -1 -1 -1 -1 -1 -1 -1 -1 -1 -1 -1 -1 -1 -1 -1 -1 -1 -1 -1 -1 -1 -1 -1 -1 -1 -1 -1 -1 -1 54 71 60 53 62 44 49 50 -1 -1 -1 -1 -1 -1 -1 -1 -1 -1 -1 -1 -1 -1 -1 -1 -1 -1 -1 -1 -1 -1 -1 -1 -1 -1 -1 -1 -1 -1 -1 -1 -1 -1 -1 -1 -1 -1 -1 -1 -1 -1 -1 -1 -1 -1 49 63 88 73 -1 -1 -1 -1 -1 -1
-1 -1 -1 -1 -1 -1 -1 -1 -1 -1 -1 -1 -1 -1 -1 -1 -1 -1 -1 -1 -1 -1 -1 -1 -1 -1 -1 -1 -1 -1 -1 -1 -1 -1 -1 -1 -1 -1 -1 -1 -1 -1 -1 -1 -1 -1 -1 -1 -1 -1 -1 -1 -1 -1 -1 -1 50 51 53 46 49 -1 -1 -1 -1 -1 -1 -1 -1 -1 -1 -1 -1 -1 -1 -1 -1 -1 -1 -1 -1 -1 -1 -1 -1 -1 -1 -1 -1 -1 -1 -1 -1 -1 -1 -1 -1 -1 -1 57 74 56 53 55 31 36 49 -1 -1 -1 -1 -1 -1 -1 -1 -1 -1 -1 -1 -1 -1 -1 -1 -1 -1 -1 -1 -1 -1 -1 -1 -1 -1 -1 -1 -1 -1 -1 -1 -1 -1 -1 -1 -1 -1 -1 -1 -1 -1 -1 -1 -1 50 47 60 92 87 53 -1 -1 -1 -1 -1
-1 -1 -1 -1 -1 -1 -1 -1 -1 -1 -1 -1 -1 -1 -1 -1 -1 -1 -1 -1 -1 -1 -1 -1 -1 -1 -1 -1 -1 -1 -1 -1 -1 -1 -1 -1 -1 -1 -1 -1 -1 -1 -1 -1 -1 -1 -1 -1 -1 -1 -1 -1 -1 -1 -1 -1 52 62 54 46 49 -1 -1 -1 -1 -1 -1 -1 -1 -1 -1 -1 -1 -1 -1 -1 -1 -1 -1 -1 -1 -1 -1 -1 -1 -1 -1 -1 -1 -1 -1 -1 -1 -1 -1 -1 -1 -1 -1 59 77 56 45 49 54 42 49 -1 -1 -1 -1 -1 -1 -1 -1 -1 -1 -1 -1 -1 -1 -1 -1 -1 -1 -1 -1 -1 -1 -1 -1 -1 -1 -1 -1 -1 -1 -1 -1 -1 -1 -1 -1 -1 -1 -1 -1 -1 -1 -1 50 50 50 48 64 91 88 54 -1 -1 -1 -1 -1
-1 -1 -1 -1 -1 -1 -1 -1 -1 -1 -1 -1 -1 -1 -1 -1 -1 -1 -1 -1 -1 -1 -1 -1 -1 -1 -1 -1 -1 -1 -1 -1 -1 -1 -1 -1 -1 -1 -1 -1 -1 -1 -1 -1 -1 -1 -1 -1 -1 -1 -1 -1 -1 -1 -1 50 57 65 50 46 49 -1 -1 -1 -1 -1 -1 -1 -1 -1 -1 -1 -1 -1 -1 -1 -1 -1 -1 -1 -1 -1 -1 -1 -1 -1 -1 -1 -1 -1 -1 -1 -1 -1 -1 -1 -1 50 51 63 78 51 38 46 31 35 48 50 -1 -1 -1 -1 -1 -1 -1 -1 -1 -1 -1 -1 -1 -1 -1 -1 -1 -1 -1 -1 -1 -1 -1 -1 -1 -1 -1 -1 -1 -1 -1 -1 -1 -1 -1 -1 -1 -1 50 50 50 50 50 53 57 47 40 89 89 54 -1 -1 -1 -1 -1
-1 -1 -1 -1 -1 -1 -1 -1 -1 -1 -1 -1 -1 -1 -1 -1 -1 -1 -1 -1 -1 -1 -1 -1 -1 -1 -1 -1 -1 -1 -1 -1 -1 -1 -1 -1 -1 -1 -1 -1 -1 -1 -1 -1 -1 -1 -1 -1 -1 -1 -1 -1 -1 -1 -1 51 58 62 46 42 53 60 65 65 63 65 67 67 68 69 70 71 73 73 74 75 76 80 81 81 82 84 86 86 87 87 87 87 87 87 87 87 87 86 86 86 86 86 85 86 82 46 37 58 64 55 62 51 -1 -1 -1 -1 -1 -1 -1 -1 -1 -1 -1 -1 -1 -1 -1 -1 -1 -1 -1 -1 -1 -1 -1 -1 -1 -1 -1 -1 -1 -1 -1 -1 -1 -1 -1 -1 -1 -1 52 55 54 51 55 64 88 73 18 87 85 53 -1 -1 -1 -1 -1
-1 -1 -1 -1 -1 -1 -1 -1 -1 -1 -1 -1 -1 -1 -1 -1 -1 -1 -1 -1 -1 -1 -1 -1 -1 -1 -1 -1 -1 -1 -1 -1 -1 -1 -1 -1 -1 -1 -1 -1 -1 -1 -1 -1 -1 -1 -1 -1 -1 -1 -1 -1 -1 -1 -1 51 59 57 40 39 56 67 64 65 64 65 62 65 62 61 63 61 63 62 63 61 63 62 60 56 58 56 48 46 52 50 44 43 42 43 51 55 60 64 64 66 69 73 76 78 53 33 79 85 69 55 83 84 84 81 70 52 -1 -1 -1 -1 -1 -1 -1 -1 -1 -1 -1 -1 -1 -1 -1 -1 -1 -1 -1 -1 -1 -1 -1 -1 -1 -1 -1 -1 -1 -1 -1 -1 -1 51 66 89 87 69 82 90 88 35 0 88 84 52 -1 -1 -1 -1 -1
-1 -1 -1 -1 -1 -1 -1 -1 -1 -1 -1 -1 -1 -1 -1 -1 -1 -1 -1 -1 -1 -1 -1 -1 -1 -1 -1 -1 -1 -1 -1 -1 -1 -1 -1 -1 -1 -1 -1 -1 -1 -1 -1 -1 -1 -1 -1 -1 -1 -1 -1 -1 -1 -1 -1 51 58 59 44 38 42 46 45 44 45 45 44 44 42 42 41 39 40 39 39 36 36 35 33 32 31 29 26 24 24 22 20 20 20 20 22 22 22 23 23 23 24 24 26 26 17 16 30 33 48 55 76 86 92 92 91 90 90 90 90 90 89 80 62 56 51 -1 -1 -1 -1 -1 -1 -1 -1 -1 -1 -1 -1 -1 -1 -1 -1 -1 -1 -1 -1 -1 -1 -1 -1 49 45 47 89 91 91 79 1 0 0 89 84 51 -1 -1 -1 -1 -1
-1 -1 -1 -1 -1 -1 -1 -1 -1 -1 -1 -1 -1 -1 -1 -1 -1 -1 -1 -1 -1 -1 -1 -1 -1 -1 -1 -1 -1 -1 -1 -1 -1 -1 -1 -1 -1 -1 -1 -1 -1 -1 -1 -1 -1 -1 -1 -1 -1 -1 -1 -1 -1 -1 -1 51 58 67 47 37 35 33 33 33 33 33 33 33 32 31 31 30 29 29 29 29 28 27 27 26 26 25 25 22 22 22 20 20 19 18 17 16 15 13 13 13 12 11 11 11 11 11 10 12 16 18 21 24 35 33 38 54 61 69 82 89 93 92 91 91 90 91 91 89 84 70 59 55 54 53 50 -1 -1 -1 -1 -1 -1 -1 -1 -1 -1 -1 -1 -1 50 47 16 0 0 0 0 0 0 0 0 89 82 51 -1 -1 -1 -1 -1
-1 -1 -1 -1 -1 -1 -1 -1 -1 -1 -1 -1 -1 -1 50 50 50 -1 -1 -1 -1 -1 -1 -1 -1 -1 -1 -1 -1 50 52 52 54 55 54 56 58 56 59 59 60 62 62 62 62 63 63 62 62 64 63 64 69 71 73 73 74 65 40 37 37 35 33 33 33 33 33 33 33 32 31 31 30 29 29 29 28 27 27 26 26 26 24 23 22 22 20 20 19 18 17 16 15 14 13 12 12 12 11 11 11 11 10 10 10 9 0 0 0 0 0 0 0 5 23 42 55 56 56 56 58 78 85 90 93 92 91 91 91 91 89 86 77 58 54 54 54 54 53 50 -1 -1 -1 -1 51 49 14 0 0 0 0 0 0 0 0 88 76 50 -1 -1 -1 -1 -1
-1 -1 -1 -1 -1 -1 -1 -1 -1 -1 -1 -1 -1 50 54 50 52 50 -1 -1 -1 -1 -1 -1 -1 50 52 54 54 54 54 56 53 54 54 57 60 56 53 57 58 56 56 53 56 58 58 59 59 58 58 60 57 54 54 49 47 42 37 37 36 35 35 33 33 33 33 33 33 33 32 31 31 29 29 30 29 28 27 27 26 26 25 24 22 22 22 21 20 19 18 17 16 15 13 12 13 13 11 11 11 11 10 10 11 9 1 0 0 0 0 0 0 0 0 0 0 0 0 0 0 0 20 46 53 54 55 61 65 83 88 93 92 91 91 91 91 91 88 78 66 55 54 54 50 35 0 0 0 0 0 0 0 0 0 86 71 50 -1 -1 -1 -1 -1
-1 -1 -1 -1 -1 -1 -1 -1 -1 -1 -1 -1 50 55 59 54 49 48 51 52 54 57 57 57 55 57 57 56 57 57 57 57 56 54 55 52 53 48 51 48 46 47 47 46 48 48 47 47 47 47 47 47 44 42 40 38 35 36 37 38 35 35 35 34 33 33 33 33 33 33 32 31 31 30 30 30 30 29 28 27 27 26 25 24 23 22 22 21 20 19 18 18 16 15 13 12 13 13 11 11 11 11 10 10 11 9 3 0 0 0 0 0 0 0 0 0 0 0 0 0 0 0 0 0 0 0 0 0 0 0 0 11 20 36 48 63 78 87 92 92 92 91 92 92 91 69 0 0 0 0 0 0 0 0 0 87 72 50 -1 -1 -1 -1 -1
-1 -1 -1 -1 -1 -1 -1 -1 -1 -1 -1 -1 51 57 58 51 49 47 52 56 54 56 54 52 50 52 52 50 51 51 51 50 49 48 49 47 42 41 42 40 40 39 39 39 39 38 38 37 37 36 36 36 36 36 35 35 35 36 37 37 35 35 35 35 34 33 33 33 33 33 32 31 31 31 31 30 30 29 28 27 27 26 25 25 24 22 22 22 21 20 19 18 18 16 13 13 13 13 11 11 11 11 11 11 11 9 4 0 0 0 0 0 0 0 0 0 0 0 0 0 0 0 0 0 0 0 0 0 0 0 0 0 0 0 0 0 0 0 0 0 0 8 39 77 89 63 0 0 0 0 0 0 0 0 0 87 64 -1 -1 -1 -1 -1 -1
-1 -1 -1 -1 -1 -1 -1 -1 -1 -1 -1 -1 51 58 53 45 44 46 49 50 48 47 44 44 46 47 44 44 42 42 42 42 42 41 41 41 40 40 40 40 40 39 39 39 39 38 38 38 37 36 36 36 36 36 35 35 35 36 37 37 35 35 35 35 35 33 33 33 33 33 32 32 31 31 31 31 30 30 29 28 27 26 25 25 25 24 23 22 21 20 20 19 18 16 14 13 13 13 13 12 11 11 12 11 11 9 3 0 0 0 0 0 0 0 0 0 0 0 0 0 0 0 0 0 0 0 0 0 0 0 0 0 0 0 0 0 0 0 0 0 0 0 0 0 0 0 0 0 0 0 0 0 0 0 0 85 56 -1 -1 -1 -1 -1 -1
-1 -1 -1 -1 -1 -1 -1 -1 -1 -1 -1 -1 51 58 51 44 44 44 44 44 44 44 44 44 44 44 44 44 43 42 42 42 42 41 41 41 40 40 40 40 40 39 39 39 39 39 38 38 38 38 37 36 36 36 35 35 35 36 37 37 35 35 35 35 35 35 33 33 33 33 32 32 32 31 31 31 30 30 30 29 27 27 26 25 25 24 23 23 22 21 20 20 18 15 14 14 13 13 13 12 11 12 12 11 11 8 4 0 0 0 0 0 0 0 0 0 0 0 0 0 0 0 0 0 0 0 0 0 0 0 0 0 0 0 0 0 0 0 0 0 0 0 0 0 0 0 0 0 0 0 0 0 0 0 0 85 55 -1 -1 -1 -1 -1 -1
-1 -1 -1 -1 -1 -1 -1 -1 -1 -1 -1 -1 51 59 51 44 44 44 44 44 44 44 44 44 44 44 44 44 44 43 42 42 42 42 41 41 41 40 40 40 40 40 39 39 39 39 38 38 38 38 38 37 36 36 35 35 35 36 37 36 35 35 35 35 35 35 35 33 33 33 32 32 32 32 31 31 31 30 30 29 27 27 27 25 25 25 25 23 22 21 21 20 18 16 15 15 13 13 13 12 11 12 12 11 8 7 4 0 0 0 0 0 0 0 0 0 0 0 0 0 0 0 0 0 0 0 0 0 0 0 0 0 0 0 0 0 0 0 0 0 0 0 0 0 0 0 0 0 0 0 0 0 0 0 0 86 55 -1 -1 -1 -1 -1 -1
-1 -1 -1 -1 -1 -1 -1 -1 -1 -1 -1 -1 51 59 49 44 44 44 44 44 44 44 44 44 44 44 44 44 44 44 42 42 42 42 41 41 41 40 40 40 40 40 39 39 39 39 38 38 38 38 38 38 37 36 35 35 35 36 36 36 35 35 35 35 35 35 35 35 33 32 32 32 32 32 32 31 31 31 30 29 29 27 27 26 25 25 25 24 23 22 21 20 18 17 16 15 13 13 14 13 12 12 12 10 7 7 5 0 0 0 0 0 0 0 0 0 0 0 0 0 0 0 0 0 0 0 0 0 0 0 0 0 0 0 0 0 0 0 0 0 0 0 0 0 0 0 0 0 0 0 0 0 0 0 0 87 54 -1 -1 -1 -1 -1 -1
-1 -1 -1 -1 -1 -1 -1 -1 -1 -1 -1 -1 52 60 49 44 44 44 44 44 44 44 44 44 44 44 44 44 44 44 44 42 42 42 42 41 41 41 40 40 40 40 39 39 39 39 38 38 38 38 38 38 38 37 35 35 35 36 36 36 35 35 35 35 35 35 35 35 35 33 32 32 32 32 32 31 31 31 31 29 29 29 27 27 25 25 25 25 23 23 21 20 19 18 17 16 15 14 14 14 12 12 11 8 7 7 5 0 0 0 0 0 0 0 0 0 0 0 0 0 0 0 0 0 0 0 0 0 0 0 0 0 0 0 0 0 0 0 0 0 0 0 0 0 0 0 0 0 0 0 0 0 0 0 8 88 53 -1 -1 -1 -1 -1 -1
-1 -1 -1 -1 -1 -1 -1 -1 -1 -1 -1 -1 52 59 46 44 44 44 44 44 44 44 44 44 44 44 44 44 44 44 44 43 42 42 42 41 41 41 40 40 40 40 40 39 39 39 39 38 38 38 37 38 38 38 36 36 35 36 36 35 35 35 35 35 35 35 35 35 35 34 33 32 32 32 32 32 32 31 31 29 29 29 29 27 26 26 26 25 24 23 22 21 19 19 19 16 15 14 14 14 12 12 10 9 7 7 6 0 0 0 0 0 0 0 0 0 0 0 0 0 0 0 0 0 0 0 0 0 0 0 0 0 0 0 0 0 0 0 0 0 0 0 0 0 0 0 0 0 0 0 0 0 0 0 13 88 53 -1 -1 -1 -1 -1 -1
-1 -1 -1 -1 -1 -1 -1 -1 -1 -1 -1 -1 52 59 46 44 44 44 44 44 44 44 44 44 44 44 44 44 44 44 44 44 42 42 42 42 41 41 41 40 40 40 40 39 39 39 39 38 38 38 37 37 38 38 37 36 36 36 36 35 35 35 35 35 35 35 35 35 35 35 34 33 32 32 32 33 33 32 31 30 29 29 29 27 27 27 26 26 25 23 23 21 20 20 19 18 15 15 14 14 13 10 8 9 7 7 6 1 0 0 0 0 0 0 0 0 0 0 0 0 0 0 0 0 0 0 0 0 0 0 0 0 0 0 0 0 0 0 0 0 0 0 0 0 0 0 0 0 0 0 0 0 0 0 25 88 53 -1 -1 -1 -1 -1 -1
-1 -1 -1 -1 -1 -1 -1 -1 -1 -1 -1 -1 52 59 46 44 44 44 44 44 44 44 44 44 44 44 44 44 44 44 44 44 44 42 42 42 42 41 41 40 40 40 40 39 39 39 39 38 38 38 37 37 38 38 37 37 36 36 36 35 35 35 35 35 35 35 35 35 35 35 35 34 33 32 32 33 33 33 31 31 30 29 29 29 27 27 26 26 25 24 23 22 21 20 20 18 16 16 14 14 12 9 9 9 7 7 7 2 0 0 0 0 0 0 0 0 0 0 0 0 0 0 0 0 0 0 0 0 0 0 0 0 0 0 0 0 0 0 0 0 0 0 0 0 0 0 0 0 0 0 0 0 0 0 53 89 53 -1 -1 -1 -1 -1 -1
-1 -1 -1 -1 -1 -1 -1 -1 -1 -1 -1 -1 52 59 46 44 44 44 44 44 44 44 44 44 44 44 44 44 44 44 44 44 44 43 42 42 42 42 41 41 40 40 40 40 39 39 39 38 38 38 38 37 37 38 37 37 37 37 37 36 35 35 35 35 35 35 35 35 35 35 35 35 34 33 32 33 33 33 32 31 31 30 29 29 29 27 27 26 25 24 23 23 21 21 20 19 17 16 14 13 11 9 9 9 8 8 8 4 0 0 0 0 0 0 0 0 0 0 0 0 0 0 0 0 0 0 0 0 0 0 0 0 0 0 0 0 0 0 0 0 0 0 0 0 0 0 0 0 0 0 0 0 0 0 84 89 53 -1 -1 -1 -1 -1 -1
-1 -1 -1 -1 -1 -1 -1 -1 -1 -1 -1 -1 52 59 45 44 44 44 44 44 44 44 44 44 44 44 44 44 44 44 44 44 44 44 42 42 42 42 41 41 40 40 40 40 39 39 39 39 38 38 38 37 37 37 37 37 37 37 37 36 36 35 35 35 35 35 35 35 35 35 35 35 35 34 33 33 33 32 32 32 31 31 30 29 29 27 27 27 25 25 24 23 23 22 20 20 19 17 15 11 11 9 9 9 9 8 8 6 0 0 0 0 0 0 0 0 0 0 0 0 0 0 0 0 0 0 0 0 0 0 0 0 0 0 0 0 0 0 0 0 0 0 0 0 0 0 0 0 0 0 0 0 0 0 87 90 53 -1 -1 -1 -1 -1 -1
-1 -1 -1 -1 -1 -1 -1 -1 -1 -1 -1 -1 52 59 45 44 44 44 44 44 44 44 44 44 44 44 44 44 44 44 44 44 44 44 44 42 42 42 42 41 40 40 40 40 40 39 39 39 38 38 38 37 37 37 37 37 37 37 37 37 36 35 35 35 35 35 35 35 35 35 35 35 35 35 34 33 33 32 32 32 31 31 31 29 29 29 28 27 25 25 25 24 24 22 21 21 20 17 13 11 11 11 9 9 9 8 8 6 0 0 0 0 0 0 0 0 0 0 0 0 0 0 0 0 0 0 0 0 0 0 0 0 0 0 0 0 0 0 0 0 0 0 0 0 0 0 0 0 0 0 0 0 0 0 89 85 52 -1 -1 -1 -1 -1 -1
-1 -1 -1 -1 -1 -1 -1 -1 -1 -1 -1 -1 52 60 45 45 44 44 44 44 44 44 44 44 44 44 44 44 44 44 44 44 44 44 44 44 42 42 42 42 41 40 40 40 40 39 39 39 38 38 38 37 37 37 36 37 37 37 37 37 37 36 36 35 35 35 35 35 35 35 35 35 35 35 35 35 33 32 32 32 32 31 31 30 29 29 29 27 27 26 25 25 24 24 22 21 19 16 12 11 11 11 9 9 9 9 9 7 0 0 0 0 0 0 0 0 0 0 0 0 0 0 0 0 0 0 0 0 0 0 0 0 0 0 0 0 0 0 0 0 0 0 0 0 0 0 0 0 0 0 0 0 0 0 89 84 51 -1 -1 -1 -1 -1 -1
-1 -1 -1 -1 -1 -1 -1 -1 -1 -1 -1 -1 52 58 47 45 45 44 44 44 44 44 44 44 44 44 44 44 44 44 44 44 44 44 44 44 42 42 42 42 41 40 40 40 40 39 39 39 38 38 38 37 37 37 36 37 37 37 37 37 37 36 36 36 35 35 35 35 35 35 35 35 35 35 35 35 34 33 32 32 32 32 31 31 30 29 29 27 27 27 26 26 25 24 22 22 18 16 14 13 11 11 9 9 10 9 9 8 1 0 0 0 0 0 0 0 0 0 0 0 0 0 0 0 0 0 0 0 0 0 0 0 0 0 0 0 0 0 0 0 0 0 0 0 0 0 0 0 0 0 0 0 0 0 89 79 50 -1 -1 -1 -1 -1 -1
-1 -1 -1 -1 -1 -1 -1 -1 -1 -1 -1 -1 51 55 48 46 46 45 45 44 44 44 44 44 44 44 44 44 44 44 44 44 44 44 44 44 44 42 42 42 42 41 40 40 40 40 39 39 39 38 38 37 37 37 36 36 37 37 37 37 37 36 36 36 36 35 35 35 35 35 35 35 35 35 35 34 34 34 33 32 32 32 32 31 31 30 29 29 27 27 26 26 26 24 24 20 17 16 15 13 11 11 11 10 10 11 10 8 2 0 0 0 0 0 0 0 0 0 0 0 0 0 0 0 0 0 0 0 0 0 0 0 0 0 0 0 0 0 0 0 0 0 0 0 0 0 0 0 0 0 0 0 0 0 89 76 50 -1 -1 -1 -1 -1 -1
-1 -1 -1 -1 -1 -1 -1 -1 -1 -1 -1 -1 51 53 49 47 47 47 46 45 45 44 44 44 44 44 44 44 44 44 44 44 44 44 44 44 44 43 42 42 42 42 40 40 40 40 39 39 39 38 38 37 37 37 36 36 37 37 37 37 37 36 36 36 36 36 36 35 35 35 35 35 35 35 35 34 34 35 34 33 32 32 32 32 31 30 29 29 29 28 27 27 27 26 24 19 18 18 16 14 13 12 12 10 11 11 10 10 5 0 0 0 0 0 0 0 0 0 0 0 0 0 0 0 0 0 0 0 0 0 0 0 0 0 0 0 0 0 0 0 0 0 0 0 0 0 0 0 0 0 0 0 0 0 88 70 -1 -1 -1 -1 -1 -1 -1
-1 -1 -1 -1 -1 -1 -1 -1 -1 -1 -1 -1 51 54 49 48 48 48 47 47 47 46 45 45 44 44 44 44 44 44 44 44 44 44 44 44 44 44 42 42 42 42 41 40 40 40 40 42 38 38 38 38 37 37 36 36 36 37 37 37 37 36 36 36 36 36 36 36 35 35 35 35 35 35 34 34 34 35 35 34 33 32 32 32 31 31 30 29 29 28 28 27 27 25 22 20 19 18 17 15 13 12 12 11 11 11 11 11 7 0 0 0 0 0 0 0 0 0 0 0 0 0 0 0 0 0 0 0 0 0 0 0 0 0 0 0 0 0 0 0 0 0 0 0 0 0 0 0 0 0 0 0 0 0 87 63 -1 -1 -1 -1 -1 -1 -1
-1 -1 -1 -1 -1 -1 -1 -1 -1 -1 -1 -1 51 54 49 49 48 48 48 48 48 47 47 47 46 45 44 44 44 44 44 44 44 44 44 44 44 44 44 42 42 42 42 40 40 40 40 39 38 39 38 38 37 37 37 36 36 37 37 37 37 36 36 36 36 36 36 36 36 35 35 35 35 35 34 34 34 35 35 35 34 33 32 32 32 31 31 30 30 29 28 28 27 25 22 22 20 19 18 16 14 13 13 12 11 12 11 11 9 0 0 0 0 0 0 0 0 0 0 0 0 0 0 0 0 0 0 0 0 0 0 0 0 0 0 0 0 0 0 0 0 0 0 0 0 0 0 0 0 0 0 0 0 0 87 57 -1 -1 -1 -1 -1 -1 -1
-1 -1 -1 -1 -1 -1 -1 -1 -1 -1 -1 -1 50 51 49 49 49 48 48 48 48 48 48 48 47 47 46 45 45 44 44 44 44 44 44 44 44 44 44 43 42 42 42 41 40 40 40 39 38 38 38 38 37 37 37 36 36 36 37 37 37 36 36 36 36 36 36 36 36 36 35 35 35 35 34 34 34 35 35 35 35 34 33 31 32 32 31 31 31 30 30 29 26 24 24 22 21 20 19 18 15 14 13 13 12 12 12 12 13 0 0 0 0 0 0 0 0 0 0 0 0 0 0 0 0 0 0 0 0 0 0 0 0 0 0 0 0 0 0 0 0 0 0 0 0 0 0 0 0 0 0 0 0 0 87 56 -1 -1 -1 -1 -1 -1 -1
-1 -1 -1 -1 -1 -1 -1 -1 -1 -1 -1 -1 -1 -1 50 49 49 49 49 48 48 48 48 48 48 48 47 47 47 46 45 45 44 44 44 44 44 44 44 44 42 42 42 42 41 40 40 39 39 38 38 38 37 37 37 36 36 36 37 37 37 36 36 36 36 36 36 36 36 36 36 36 35 34 34 34 34 35 35 35 35 35 34 32 32 32 32 31 31 30 30 28 25 24 24 24 22 20 20 19 17 15 14 14 12 12 13 15 14 3 0 0 0 0 0 0 0 0 0 0 0 0 0 0 0 0 0 0 0 0 0 0 0 0 0 0 0 0 0 0 0 0 0 0 0 0 0 0 0 0 0 0 0 0 86 53 -1 -1 -1 -1 -1 -1 -1
-1 -1 -1 -1 -1 -1 -1 -1 -1 -1 -1 -1 -1 -1 -1 -1 -1 50 49 49 49 49 48 48 48 48 48 48 48 47 47 47 46 45 44 44 44 44 44 44 44 42 42 42 41 40 40 40 39 38 37 38 37 37 37 36 36 36 36 37 37 36 36 36 36 36 35 36 36 36 36 36 36 34 34 34 34 35 35 35 35 34 34 33 32 32 32 32 32 31 29 27 25 25 25 24 24 22 21 20 19 16 14 14 13 13 16 16 14 6 0 0 0 0 0 0 0 0 0 0 0 0 0 0 0 0 0 0 0 0 0 0 0 0 0 0 0 0 0 0 0 0 0 0 0 0 0 0 0 0 0 0 0 0 87 53 -1 -1 -1 -1 -1 -1 -1
-1 -1 -1 -1 -1 -1 -1 -1 -1 -1 -1 -1 -1 -1 -1 -1 -1 -1 -1 -1 50 49 49 49 49 48 48 48 48 48 48 48 47 47 47 46 45 44 44 44 44 43 42 42 42 40 40 40 39 39 38 37 37 37 37 36 36 36 36 37 37 36 36 36 36 35 35 36 36 36 36 36 36 35 34 34 34 35 35 35 35 34 34 34 34 33 32 33 33 31 28 27 27 26 26 25 24 23 21 21 20 17 16 15 15 17 17 16 15 7 0 0 0 0 0 0 0 0 0 0 0 0 0 0 0 0 0 0 0 0 0 0 0 0 0 0 0 0 0 0 0 0 0 0 0 0 0 0 0 0 0 0 0 0 87 53 -1 -1 -1 -1 -1 -1 -1
-1 -1 -1 -1 -1 -1 -1 -1 -1 -1 -1 -1 -1 -1 -1 -1 -1 -1 -1 -1 -1 -1 -1 50 49 49 49 49 49 48 48 48 48 48 48 47 47 46 45 45 44 44 43 42 42 42 40 40 39 39 38 37 37 37 37 36 36 36 36 36 37 36 36 36 36 35 35 36 36 36 36 36 35 35 35 35 35 34 35 35 34 34 34 34 34 34 33 33 32 29 28 28 28 28 27 25 25 24 23 22 21 19 16 16 19 17 17 16 15 10 0 0 0 0 0 0 0 0 0 0 0 0 0 0 0 0 0 0 0 0 0 0 0 0 0 0 0 0 0 0 0 0 0 0 0 0 0 0 0 0 0 0 0 0 89 53 -1 -1 -1 -1 -1 -1 -1
-1 -1 -1 -1 -1 -1 -1 -1 -1 -1 -1 -1 -1 -1 -1 -1 -1 -1 -1 -1 -1 -1 -1 -1 -1 -1 50 49 49 49 49 49 48 48 48 48 48 47 47 47 46 45 44 42 42 42 41 40 40 39 39 38 37 36 37 36 36 36 36 36 36 36 36 36 36 35 35 35 36 36 36 36 35 35 35 35 35 35 35 35 34 34 34 34 34 35 34 33 31 29 29 29 28 29 27 27 26 25 25 24 22 20 19 20 19 17 17 17 16 12 0 0 0 0 0 0 0 0 0 0 0 0 0 0 0 0 0 0 0 0 0 0 0 0 0 0 0 0 0 0 0 0 0 0 0 0 0 0 0 0 0 0 0 40 90 53 -1 -1 -1 -1 -1 -1 -1
-1 -1 -1 -1 -1 -1 -1 -1 -1 -1 -1 -1 -1 -1 -1 -1 -1 -1 -1 -1 -1 -1 -1 -1 -1 -1 -1 -1 -1 -1 50 49 49 49 49 48 48 48 48 48 47 47 47 45 43 42 42 40 40 39 39 38 38 36 37 36 36 36 36 36 36 36 36 36 36 35 35 35 36 36 36 36 35 35 35 35 35 35 35 34 34 34 34 34 34 35 35 33 29 29 29 30 30 29 29 28 28 27 26 25 24 23 24 21 20 19 17 17 16 13 0 0 0 0 0 0 0 0 0 0 0 0 0 0 0 0 0 0 0 0 0 0 0 0 0 0 0 0 0 0 0 0 0 0 0 0 0 0 0 0 0 0 0 51 90 53 -1 -1 -1 -1 -1 -1 -1
-1 -1 -1 -1 -1 -1 -1 -1 -1 -1 -1 -1 -1 -1 -1 -1 -1 -1 -1 -1 -1 -1 -1 -1 -1 -1 -1 -1 -1 -1 -1 -1 -1 50 49 49 49 49 48 48 48 48 48 47 46 45 43 41 40 39 39 39 38 36 36 36 36 36 36 36 36 36 36 36 35 35 35 35 36 36 36 35 35 35 35 35 35 36 36 35 34 34 34 34 34 34 32 31 31 30 30 31 31 31 30 30 29 28 28 26 25 27 25 22 20 19 17 17 16 13 0 0 0 0 0 0 0 0 0 0 0 0 0 0 0 0 0 0 0 0 0 0 0 0 0 0 0 0 0 0 0 0 0 0 0 0 0 0 0 0 0 0 0 81 91 53 -1 -1 -1 -1 -1 -1 -1
-1 -1 -1 -1 -1 -1 -1 -1 -1 -1 -1 -1 -1 -1 -1 -1 -1 -1 -1 -1 -1 -1 -1 -1 -1 -1 -1 -1 -1 -1 -1 -1 -1 -1 -1 -1 50 49 49 49 49 48 48 48 48 46 45 44 42 41 39 39 38 37 36 36 36 36 36 36 35 36 36 36 35 35 35 35 35 36 36 35 35 35 35 35 35 35 35 35 35 34 34 34 34 34 31 31 31 32 31 32 32 31 31 31 29 30 29 29 30 28 26 24 21 20 17 17 16 14 0 0 0 0 0 0 0 0 0 0 0 0 0 0 0 0 0 0 0 0 0 0 0 0 0 0 0 0 0 0 0 0 0 0 0 0 0 0 0 0 0 0 0 87 89 53 -1 -1 -1 -1 -1 -1 -1
-1 -1 -1 -1 -1 -1 -1 -1 -1 -1 -1 -1 -1 -1 -1 -1 -1 -1 -1 -1 -1 -1 -1 -1 -1 -1 -1 -1 -1 -1 -1 -1 -1 -1 -1 -1 -1 -1 -1 50 49 49 49 49 48 47 46 45 44 43 42 40 38 37 36 36 36 36 36 36 35 36 36 36 35 35 35 35 35 35 35 35 35 35 35 35 35 35 35 35 35 35 34 34 33 31 31 31 32 32 32 32 33 33 32 32 32 31 30 33 31 30 27 25 21 20 18 17 16 15 5 0 0 0 0 0 0 0 0 0 0 0 0 0 0 0 0 0 0 0 0 0 0 0 0 0 0 0 0 0 0 0 0 0 0 0 0 0 0 0 0 0 0 88 87 52 -1 -1 -1 -1 -1 -1 -1
-1 -1 -1 -1 -1 -1 -1 -1 -1 -1 -1 -1 -1 -1 -1 -1 -1 -1 -1 -1 -1 -1 -1 -1 -1 -1 -1 -1 -1 -1 -1 -1 -1 -1 -1 -1 -1 -1 -1 -1 -1 -1 50 49 49 49 47 45 45 45 44 42 41 40 38 36 36 36 36 36 35 35 36 36 35 35 35 35 35 35 35 35 35 35 35 35 35 35 35 35 35 35 35 34 31 30 31 31 32 33 34 33 33 33 34 34 33 34 35 34 32 31 28 26 22 20 19 17 17 16 7 0 0 0 0 0 0 0 0 0 0 0 0 0 0 0 0 0 0 0 0 0 0 0 0 0 0 0 0 0 0 0 0 0 0 0 0 0 0 0 0 0 0 88 86 51 -1 -1 -1 -1 -1 -1 -1
-1 -1 -1 -1 -1 -1 -1 -1 -1 -1 -1 -1 -1 -1 -1 -1 -1 -1 -1 -1 -1 -1 -1 -1 -1 -1 -1 -1 -1 -1 -1 -1 -1 -1 -1 -1 -1 -1 -1 -1 -1 -1 -1 -1 -1 50 49 48 47 46 45 44 43 42 40 39 38 36 36 36 35 35 35 35 35 35 35 35 35 35 35 35 35 35 35 35 35 35 35 35 35 35 35 33 31 31 31 31 32 33 34 35 34 35 35 35 36 37 35 35 34 32 30 27 24 21 20 17 17 16 10 0 0 0 0 0 0 0 0 0 0 0 0 0 0 0 0 0 0 0 0 0 0 0 0 0 0 0 0 0 0 0 0 0 0 0 0 0 0 0 0 0 0 90 84 50 -1 -1 -1 -1 -1 -1 -1
-1 -1 -1 -1 -1 -1 -1 -1 -1 -1 -1 -1 -1 -1 -1 -1 -1 -1 -1 -1 -1 -1 -1 -1 -1 -1 -1 -1 -1 -1 -1 -1 -1 -1 -1 -1 -1 -1 -1 -1 -1 -1 -1 -1 -1 -1 50 49 48 47 46 45 44 42 41 40 40 38 38 38 36 35 35 35 35 35 35 35 35 35 35 35 35 35 35 35 35 35 35 35 35 35 33 31 31 32 31 31 33 34 35 35 35 35 36 38 39 38 37 35 34 33 31 28 26 22 20 17 17 16 12 0 0 0 0 0 0 0 0 0 0 0 0 0 0 0 0 0 0 0 0 0 0 0 0 0 0 0 0 0 0 0 0 0 0 0 0 0 0 0 0 0 0 90 80 50 -1 -1 -1 -1 -1 -1 -1
-1 -1 -1 -1 -1 -1 -1 -1 -1 -1 -1 -1 -1 -1 -1 -1 -1 -1 -1 -1 -1 -1 -1 -1 -1 -1 -1 -1 -1 -1 -1 -1 -1 -1 -1 -1 -1 -1 -1 -1 -1 -1 -1 -1 -1 -1 50 50 49 47 46 46 45 43 42 41 40 39 39 40 38 38 36 35 35 35 35 35 35 35 35 35 35 35 35 35 35 35 35 35 35 33 31 31 32 32 33 33 33 34 35 36 37 38 38 40 40 39 38 37 35 34 32 30 27 24 20 19 17 16 13 0 0 0 0 0 0 0 0 0 0 0 0 0 0 0 0 0 0 0 0 0 0 0 0 0 0 0 0 0 0 0 0 0 0 0 0 0 0 0 0 0 0 90 75 50 -1 -1 -1 -1 -1 -1 -1
-1 -1 -1 -1 -1 -1 -1 -1 -1 -1 -1 -1 -1 -1 -1 -1 -1 -1 -1 -1 -1 -1 -1 -1 -1 -1 -1 -1 -1 -1 -1 -1 -1 -1 -1 -1 -1 -1 -1 -1 -1 -1 -1 -1 -1 -1 -1 50 49 48 46 46 45 44 42 42 41 41 40 40 39 39 38 38 38 36 35 35 35 35 35 35 35 35 35 35 35 35 35 35 35 31 31 31 32 32 33 34 35 35 36 37 38 40 42 41 40 40 39 38 37 35 33 31 28 25 21 20 17 17 14 0 0 0 0 0 0 0 0 0 0 0 0 0 0 0 0 0 0 0 0 0 0 0 0 0 0 0 0 0 0 0 0 0 0 0 0 0 0 0 0 0 0 89 62 -1 -1 -1 -1 -1 -1 -1 -1
-1 -1 -1 -1 -1 -1 -1 -1 -1 -1 -1 -1 -1 -1 -1 -1 -1 -1 -1 -1 -1 -1 -1 -1 -1 -1 -1 -1 -1 -1 -1 -1 -1 -1 -1 -1 -1 -1 -1 -1 -1 -1 -1 -1 -1 -1 -1 50 50 49 47 46 45 45 43 42 42 42 41 40 40 40 39 38 39 38 38 38 35 35 35 35 35 35 35 35 35 35 35 35 31 31 31 31 32 32 33 34 36 37 37 38 40 42 43 42 41 40 40 39 38 35 34 32 30 26 23 20 17 17 15 0 0 0 0 0 0 0 0 0 0 0 0 0 0 0 0 0 0 0 0 0 0 0 0 0 0 0 0 0 0 0 0 0 0 0 0 0 0 0 0 0 0 88 54 -1 -1 -1 -1 -1 -1 -1 -1
-1 -1 -1 -1 -1 -1 -1 -1 -1 -1 -1 -1 -1 -1 -1 -1 -1 -1 -1 -1 -1 -1 -1 -1 -1 -1 -1 -1 -1 -1 -1 -1 -1 -1 -1 -1 -1 -1 -1 -1 -1 -1 -1 -1 -1 -1 -1 -1 50 50 48 46 46 45 44 42 42 41 41 41 40 41 40 40 40 39 39 38 38 38 35 35 35 35 35 35 35 35 34 32 31 31 31 31 32 32 34 35 36 37 39 40 42 43 43 43 42 41 40 40 39 37 35 33 31 28 25 21 19 17 15 4 0 0 0 0 0 0 0 0 0 0 0 0 0 0 0 0 0 0 0 0 0 0 0 0 0 0 0 0 0 0 0 0 0 0 0 0 0 0 0 0 0 88 53 -1 -1 -1 -1 -1 -1 -1 -1
-1 -1 -1 -1 -1 -1 -1 -1 -1 -1 -1 -1 -1 -1 -1 -1 -1 -1 -1 -1 -1 -1 -1 -1 -1 -1 -1 -1 -1 -1 -1 -1 -1 -1 -1 -1 -1 -1 -1 -1 -1 -1 -1 -1 -1 -1 -1 -1 -1 50 49 47 46 45 44 43 42 41 41 42 40 40 40 40 40 40 40 40 40 39 38 38 37 35 35 35 35 34 32 31 31 31 31 31 32 33 34 36 37 39 42 44 44 43 43 43 43 42 41 40 39 38 37 35 33 30 26 23 20 17 16 7 0 0 0 0 0 0 0 0 0 0 0 0 0 0 0 0 0 0 0 0 0 0 0 0 0 0 0 0 0 0 0 0 0 0 0 0 0 0 0 0 0 88 53 -1 -1 -1 -1 -1 -1 -1 -1
-1 -1 -1 -1 -1 -1 -1 -1 -1 -1 -1 -1 -1 -1 -1 -1 -1 -1 -1 -1 -1 -1 -1 -1 -1 -1 -1 -1 -1 -1 -1 -1 -1 -1 -1 -1 -1 -1 -1 -1 -1 -1 -1 -1 -1 -1 -1 -1 -1 50 50 49 46 45 44 44 42 41 41 42 41 40 40 40 40 40 40 40 40 40 40 40 38 38 38 38 35 32 31 31 31 31 31 31 32 33 35 37 39 42 44 44 44 44 43 43 43 43 42 41 40 39 38 35 34 31 28 25 20 17 16 10 0 0 0 0 0 0 0 0 0 0 0 0 0 0 0 0 0 0 0 0 0 0 0 0 0 0 0 0 0 0 0 0 0 0 0 0 0 0 0 0 0 88 53 -1 -1 -1 -1 -1 -1 -1 -1
-1 -1 -1 -1 -1 -1 -1 -1 -1 -1 -1 -1 -1 -1 -1 -1 -1 -1 -1 -1 -1 -1 -1 -1 -1 -1 -1 -1 -1 -1 -1 -1 -1 -1 -1 -1 -1 -1 -1 -1 -1 -1 -1 -1 -1 -1 -1 -1 -1 -1 50 49 47 46 45 44 42 41 41 42 41 40 39 40 40 40 39 40 40 40 40 39 39 40 40 39 37 33 32 31 31 31 31 31 32 33 36 38 41 44 44 44 44 44 44 43 43 43 43 42 41 40 39 37 35 33 30 26 21 18 17 11 0 0 0 0 0 0 0 0 0 0 0 0 0 0 0 0 0 0 0 0 0 0 0 0 0 0 0 0 0 0 0 0 0 0 0 0 0 0 0 0 0 89 53 -1 -1 -1 -1 -1 -1 -1 -1
-1 -1 -1 -1 -1 -1 -1 -1 -1 -1 -1 -1 -1 -1 -1 -1 -1 -1 -1 -1 -1 -1 -1 -1 -1 -1 -1 -1 -1 -1 -1 -1 -1 -1 -1 -1 -1 -1 -1 -1 -1 -1 -1 -1 -1 -1 -1 -1 -1 -1 -1 50 49 47 45 44 42 42 41 42 41 40 39 40 40 39 39 39 40 40 39 39 39 40 40 39 36 35 34 34 34 31 31 31 32 34 38 41 44 44 44 44 44 44 44 44 44 43 43 43 42 41 40 39 37 35 32 28 24 20 17 13 0 0 0 0 0 0 0 0 0 0 0 0 0 0 0 0 0 0 0 0 0 0 0 0 0 0 0 0 0 0 0 0 0 0 0 0 0 0 0 0 0 89 53 -1 -1 -1 -1 -1 -1 -1 -1
-1 -1 -1 -1 -1 -1 -1 -1 -1 -1 -1 -1 -1 -1 -1 -1 -1 -1 -1 -1 -1 -1 -1 -1 -1 -1 -1 -1 -1 -1 -1 -1 -1 -1 -1 -1 -1 -1 -1 -1 -1 -1 -1 -1 -1 -1 -1 -1 -1 -1 -1 50 50 48 46 44 42 42 42 41 41 40 40 39 39 39 39 39 40 40 39 39 39 39 39 36 35 35 36 36 36 34 34 34 33 37 41 44 44 44 44 44 44 44 44 44 44 44 43 43 43 42 41 40 38 35 33 30 26 20 17 15 0 0 0 0 0 0 0 0 0 0 0 0 0 0 0 0 0 0 0 0 0 0 0 0 0 0 0 0 0 0 0 0 0 0 0 0 0 0 0 0 8 91 53 -1 -1 -1 -1 -1 -1 -1 -1
-1 -1 -1 -1 -1 -1 -1 -1 -1 -1 -1 -1 -1 -1 -1 -1 -1 -1 -1 -1 -1 -1 -1 -1 -1 -1 -1 -1 -1 -1 -1 -1 -1 -1 -1 -1 -1 -1 -1 -1 -1 -1 -1 -1 -1 -1 -1 -1 -1 -1 -1 -1 50 49 46 44 42 42 42 42 41 40 40 40 38 39 39 39 39 39 39 39 39 38 36 35 35 35 35 36 36 36 36 36 38 44 46 45 44 44 44 44 44 44 44 44 44 44 44 43 43 43 42 41 40 37 35 32 28 22 17 15 0 0 0 0 0 0 0 0 0 0 0 0 0 0 0 0 0 0 0 0 0 0 0 0 0 0 0 0 0 0 0 0 0 0 0 0 0 0 0 0 53 91 52 -1 -1 -1 -1 -1 -1 -1 -1
-1 -1 -1 -1 -1 -1 -1 -1 -1 -1 -1 -1 -1 -1 -1 -1 -1 -1 -1 -1 -1 -1 -1 -1 -1 -1 -1 -1 -1 -1 -1 -1 -1 -1 -1 -1 -1 -1 -1 -1 -1 -1 -1 -1 -1 -1 -1 -1 -1 -1 -1 -1 -1 50 48 45 42 42 42 42 40 41 40 40 38 38 39 39 39 38 39 39 38 36 35 35 35 35 35 36 36 36 36 38 45 49 49 49 47 46 45 44 44 44 44 44 44 44 44 44 44 43 43 42 41 39 37 34 30 25 20 17 1 0 0 0 0 0 0 0 0 0 0 0 0 0 0 0 0 0 0 0 0 0 0 0 0 0 0 0 0 0 0 0 0 0 0 0 0 0 0 0 78 92 52 -1 -1 -1 -1 -1 -1 -1 -1
-1 -1 -1 -1 -1 -1 -1 -1 -1 -1 -1 -1 -1 -1 -1 -1 -1 -1 -1 -1 -1 -1 -1 -1 -1 -1 -1 -1 -1 -1 -1 -1 -1 -1 -1 -1 -1 -1 -1 -1 -1 -1 -1 -1 -1 -1 -1 -1 -1 -1 -1 -1 -1 50 49 46 43 42 42 42 41 41 40 40 39 38 38 39 38 38 38 39 37 35 35 35 35 35 35 36 36 36 40 53 51 -1 -1 50 50 49 49 47 46 45 44 44 44 44 44 44 44 44 43 43 42 41 39 35 33 28 21 17 6 0 0 0 0 0 0 0 0 0 0 0 0 0 0 0 0 0 0 0 0 0 0 0 0 0 0 0 0 0 0 0 0 0 0 0 0 0 0 0 86 91 52 -1 -1 -1 -1 -1 -1 -1 -1
-1 -1 -1 -1 -1 -1 -1 -1 -1 -1 -1 -1 -1 -1 -1 -1 -1 -1 -1 -1 -1 -1 -1 -1 -1 -1 -1 -1 -1 -1 -1 -1 -1 -1 -1 -1 -1 -1 -1 -1 -1 -1 -1 -1 -1 -1 -1 -1 -1 -1 -1 -1 -1 -1 50 47 43 42 42 42 41 41 40 39 39 39 38 38 38 38 38 38 35 35 35 35 35 35 35 36 36 36 44 64 52 -1 -1 -1 -1 -1 50 50 49 52 56 45 44 44 44 44 44 44 44 43 43 43 41 38 35 30 25 17 9 0 0 0 0 0 0 0 0 0 0 0 0 0 0 0 0 0 0 0 0 0 0 0 0 0 0 0 0 0 0 0 0 0 0 0 0 0 0 0 89 88 51 -1 -1 -1 -1 -1 -1 -1 -1
-1 -1 -1 -1 -1 -1 -1 -1 -1 -1 -1 -1 -1 -1 -1 -1 -1 -1 -1 -1 -1 -1 -1 -1 -1 -1 -1 -1 -1 -1 -1 -1 -1 -1 -1 -1 -1 -1 -1 -1 -1 -1 -1 -1 -1 -1 -1 -1 -1 -1 -1 -1 -1 -1 50 49 44 42 42 42 41 41 40 39 39 39 38 38 38 38 37 35 35 35 35 35 35 35 35 36 36 36 45 68 52 -1 -1 -1 -1 -1 -1 -1 50 54 49 45 44 44 44 44 44 44 44 44 43 43 43 41 37 33 28 20 11 0 0 0 0 0 0 0 0 0 0 0 0 0 0 0 0 0 0 0 0 0 0 0 0 0 0 0 0 0 0 0 0 0 0 0 0 0 0 0 90 86 51 -1 -1 -1 -1 -1 -1 -1 -1
-1 -1 -1 -1 -1 -1 -1 -1 -1 -1 -1 -1 -1 -1 -1 -1 -1 -1 -1 -1 -1 -1 -1 -1 -1 -1 -1 -1 -1 -1 -1 -1 -1 -1 -1 -1 -1 -1 -1 -1 -1 -1 -1 -1 -1 -1 -1 -1 -1 -1 -1 -1 -1 -1 -1 51 51 42 42 41 41 41 40 39 39 39 38 38 38 37 34 34 35 35 35 35 35 35 35 36 36 36 45 69 50 -1 -1 -1 -1 -1 -1 -1 50 54 48 48 48 45 44 44 44 44 44 44 44 44 43 43 40 37 31 23 13 0 0 0 0 0 0 0 0 0 0 0 0 0 0 0 0 0 0 0 0 0 0 0 0 0 0 0 0 0 0 0 0 0 0 0 0 0 0 0 89 73 51 -1 -1 -1 -1 -1 -1 -1 -1
-1 -1 -1 -1 -1 -1 -1 -1 -1 -1 -1 -1 -1 -1 -1 -1 -1 -1 -1 -1 -1 -1 -1 -1 -1 -1 -1 -1 -1 -1 -1 -1 -1 -1 -1 -1 -1 -1 -1 -1 -1 -1 -1 -1 -1 -1 -1 -1 -1 -1 -1 -1 -1 -1 -1 53 57 42 42 42 41 41 40 40 39 38 38 38 37 35 33 34 34 35 35 35 35 35 35 36 36 36 45 69 -1 -1 -1 -1 -1 -1 -1 -1 50 54 49 48 48 48 48 48 45 44 44 44 44 44 44 43 43 39 35 28 16 0 0 0 0 0 0 0 0 0 0 0 0 0 0 0 0 0 0 233 0 0 0 0 0 0 0 0 0 0 0 0 0 0 0 0 0 0 0 0 88 64 50 -1 -1 -1 -1 -1 -1 -1 -1
-1 -1 -1 -1 -1 -1 -1 -1 -1 -1 -1 -1 -1 -1 -1 -1 -1 -1 -1 -1 -1 -1 -1 -1 -1 -1 -1 -1 -1 -1 -1 -1 -1 -1 -1 -1 -1 -1 -1 -1 -1 -1 -1 -1 -1 -1 -1 -1 -1 -1 -1 -1 -1 -1 -1 53 58 46 42 42 41 41 40 40 39 38 38 38 35 33 33 33 34 35 35 35 35 35 35 36 36 41 60 67 -1 -1 -1 -1 -1 -1 -1 -1 50 54 49 48 48 48 48 48 48 48 48 45 44 44 44 44 43 42 38 32 20 0 0 0 0 0 0 0 0 0 0 0 0 0 0 0 0 0 0 0 0 0 0 0 0 0 0 0 0 0 0 0 0 0 0 0 0 2 0 44 61 51 50 -1 -1 -1 -1 -1 -1 -1 -1
-1 -1 -1 -1 -1 -1 -1 -1 -1 -1 -1 -1 -1 -1 -1 -1 -1 -1 -1 -1 -1 -1 -1 -1 -1 -1 -1 -1 -1 -1 -1 -1 -1 -1 -1 -1 -1 -1 -1 -1 -1 -1 -1 -1 -1 -1 -1 -1 -1 -1 -1 -1 -1 -1 50 54 58 47 42 42 41 40 40 40 39 38 38 37 34 33 33 33 34 34 35 35 35 35 35 36 36 43 65 63 -1 -1 -1 -1 -1 -1 -1 -1 50 51 50 50 50 49 48 48 48 48 48 48 48 48 45 44 44 44 42 37 27 0 0 0 0 0 0 0 0 0 0 0 0 0 0 0 0 0 0 0 0 0 0 0 0 0 0 0 0 0 0 0 0 0 0 0 0 87 69 51 50 50 -1 -1 -1 -1 -1 -1 -1 -1 -1
-1 -1 -1 -1 -1 -1 -1 -1 -1 -1 -1 -1 -1 -1 -1 -1 -1 -1 -1 -1 -1 -1 -1 -1 -1 -1 -1 -1 -1 -1 -1 -1 -1 -1 -1 -1 -1 -1 -1 -1 -1 -1 -1 -1 -1 -1 -1 -1 -1 -1 -1 -1 -1 -1 50 53 56 47 42 42 42 41 40 40 39 39 37 34 33 33 33 33 33 34 35 35 35 35 35 35 36 44 66 60 -1 -1 -1 -1 -1 -1 -1 -1 -1 -1 -1 -1 50 50 50 50 50 50 49 49 48 48 48 48 48 46 44 49 34 3 0 0 0 0 0 0 0 0 0 0 0 0 0 0 0 0 0 0 0 0 0 0 0 0 0 0 0 0 0 0 0 0 0 0 0 90 55 50 -1 -1 -1 -1 -1 -1 -1 -1 -1 -1 -1
-1 -1 -1 -1 -1 -1 -1 -1 -1 -1 -1 -1 -1 -1 -1 -1 -1 -1 -1 -1 -1 -1 -1 -1 -1 -1 -1 -1 -1 -1 -1 -1 -1 -1 -1 -1 -1 -1 -1 -1 -1 -1 -1 -1 -1 -1 -1 -1 -1 -1 -1 -1 -1 -1 50 55 62 45 42 42 41 41 40 39 39 38 35 33 33 33 33 33 33 34 34 35 35 35 35 35 36 44 66 52 -1 -1 -1 -1 -1 -1 -1 -1 -1 -1 -1 -1 -1 -1 -1 -1 -1 -1 50 50 50 50 50 50 49 48 48 49 44 17 0 0 0 0 0 0 0 0 0 0 0 0 0 0 0 0 0 0 0 0 0 0 0 0 0 0 0 0 0 0 0 0 0 0 0 89 54 -1 -1 -1 -1 -1 -1 -1 -1 -1 -1 -1 -1
-1 -1 -1 -1 -1 -1 -1 -1 -1 -1 -1 -1 -1 -1 -1 -1 -1 -1 -1 -1 -1 -1 -1 -1 -1 -1 -1 -1 -1 -1 -1 -1 -1 -1 -1 -1 -1 -1 -1 -1 -1 -1 -1 -1 -1 -1 -1 -1 -1 -1 -1 -1 -1 -1 53 67 67 35 37 39 41 41 40 39 38 36 35 33 33 33 33 33 33 33 34 35 35 35 35 35 36 45 68 50 -1 -1 -1 -1 -1 -1 -1 -1 -1 -1 -1 -1 -1 -1 -1 -1 -1 -1 -1 -1 -1 -1 -1 -1 50 50 50 50 49 71 15 0 0 0 0 0 0 0 0 0 0 0 0 0 0 0 0 0 0 0 0 0 0 0 0 0 0 0 0 0 0 0 0 0 0 89 54 -1 -1 -1 -1 -1 -1 -1 -1 -1 -1 -1 -1
-1 -1 -1 -1 -1 -1 -1 -1 -1 -1 -1 -1 -1 -1 -1 -1 -1 -1 -1 -1 -1 -1 -1 -1 -1 -1 -1 -1 -1 -1 -1 -1 -1 -1 -1 -1 -1 -1 -1 -1 -1 -1 -1 -1 -1 -1 -1 -1 -1 -1 -1 -1 -1 -1 54 75 60 31 32 34 38 40 40 39 36 35 35 34 33 33 33 33 33 33 34 34 35 35 35 35 36 45 69 -1 -1 -1 -1 -1 -1 -1 -1 -1 -1 -1 -1 -1 -1 -1 -1 -1 -1 -1 -1 -1 -1 -1 -1 -1 -1 -1 -1 -1 -1 82 64 0 0 0 0 0 0 0 0 0 0 0 0 0 0 0 0 0 0 0 0 0 0 0 0 0 0 0 0 0 0 0 0 0 0 89 60 50 -1 -1 -1 -1 -1 -1 -1 -1 -1 -1 -1
-1 -1 -1 -1 -1 -1 -1 -1 -1 -1 -1 -1 -1 -1 -1 -1 -1 -1 -1 -1 -1 -1 -1 -1 -1 -1 -1 -1 -1 -1 -1 -1 -1 -1 -1 -1 -1 -1 -1 -1 -1 -1 -1 -1 -1 -1 -1 -1 -1 -1 -1 -1 -1 -1 55 84 55 27 27 28 31 33 37 37 35 35 35 35 34 33 33 33 33 33 33 34 35 35 35 35 36 45 69 -1 -1 -1 -1 -1 -1 -1 -1 -1 -1 -1 -1 -1 -1 -1 -1 -1 -1 -1 -1 -1 -1 -1 -1 -1 -1 -1 -1 -1 -1 87 83 0 0 0 0 0 0 0 0 0 0 0 0 0 0 0 0 0 0 0 0 0 0 0 0 0 0 0 0 0 0 0 0 0 0 89 64 50 50 -1 -1 -1 -1 -1 -1 -1 -1 -1 -1
-1 -1 -1 -1 -1 -1 -1 -1 -1 -1 -1 -1 -1 -1 -1 -1 -1 -1 -1 -1 -1 -1 -1 -1 -1 -1 -1 -1 -1 -1 -1 -1 -1 -1 -1 -1 -1 -1 -1 -1 -1 -1 -1 -1 -1 -1 -1 -1 -1 -1 -1 -1 -1 -1 56 85 47 22 16 19 24 25 27 28 30 32 34 34 35 33 33 33 33 33 33 34 34 35 35 35 36 45 69 -1 -1 -1 -1 -1 -1 -1 -1 -1 -1 -1 -1 -1 -1 -1 -1 -1 -1 -1 -1 -1 -1 -1 -1 -1 -1 -1 -1 -1 56 89 83 0 0 0 0 0 0 0 0 0 0 0 0 0 0 0 0 0 0 0 0 0 0 0 0 0 0 0 0 0 0 0 0 0 8 91 65 51 54 50 -1 -1 -1 -1 -1 -1 -1 -1 -1
-1 -1 -1 -1 -1 -1 -1 -1 -1 -1 -1 -1 -1 -1 -1 -1 -1 -1 -1 -1 -1 -1 -1 -1 -1 -1 -1 -1 -1 -1 -1 -1 -1 -1 -1 -1 -1 -1 -1 -1 -1 -1 -1 -1 -1 -1 -1 -1 -1 -1 -1 -1 -1 -1 56 85 49 15 7 11 13 18 18 21 24 27 31 31 31 31 30 30 31 31 31 31 33 35 35 35 37 49 69 -1 -1 -1 -1 -1 -1 -1 -1 50 51 -1 -1 -1 -1 -1 -1 -1 -1 50 53 56 -1 -1 -1 -1 -1 -1 -1 -1 65 92 59 0 0 0 0 0 0 0 0 0 0 0 0 0 0 0 0 0 0 0 0 0 0 0 0 0 0 0 0 0 0 0 0 0 40 91 84 75 62 55 50 -1 -1 -1 -1 -1 -1 -1 -1
-1 -1 -1 -1 -1 -1 -1 -1 -1 -1 -1 -1 -1 -1 -1 -1 -1 -1 -1 -1 -1 -1 -1 -1 -1 -1 -1 -1 -1 -1 -1 -1 -1 -1 -1 -1 -1 -1 -1 -1 -1 -1 -1 -1 -1 -1 -1 -1 -1 -1 -1 -1 -1 -1 56 86 33 0 0 2 6 7 8 15 19 22 26 30 33 33 33 31 31 31 31 30 29 31 31 31 36 54 65 47 47 52 53 49 50 -1 -1 66 77 71 69 64 59 58 59 56 -1 50 53 53 -1 -1 -1 -1 -1 -1 -1 -1 67 93 14 0 0 0 0 0 0 0 0 0 0 0 0 0 0 0 0 0 0 0 0 0 0 0 0 0 0 0 0 0 0 0 0 0 24 89 91 91 90 56 50 -1 -1 -1 -1 -1 -1 -1 -1
-1 -1 -1 -1 -1 -1 -1 -1 -1 -1 -1 -1 -1 -1 -1 -1 -1 -1 -1 -1 -1 -1 -1 -1 -1 -1 -1 -1 -1 -1 -1 -1 -1 -1 -1 -1 -1 -1 -1 -1 -1 -1 -1 -1 -1 -1 -1 -1 -1 -1 -1 -1 -1 -1 56 86 17 0 0 0 0 0 0 4 7 13 19 23 28 32 34 34 33 33 33 33 32 33 33 34 35 46 67 52 47 47 49 50 50 53 54 86 91 87 89 89 88 88 89 89 89 89 89 89 85 86 86 85 82 80 74 73 75 91 0 0 0 0 0 0 0 0 0 0 0 0 0 0 0 0 0 0 0 0 0 0 0 0 0 0 0 0 0 0 0 0 0 0 0 0 0 71 91 55 50 -1 -1 -1 -1 -1 -1 -1 -1
-1 -1 -1 -1 -1 -1 -1 -1 -1 -1 -1 -1 -1 -1 -1 -1 -1 -1 -1 -1 -1 -1 -1 -1 -1 -1 -1 -1 -1 -1 -1 -1 -1 -1 -1 -1 -1 -1 -1 -1 -1 -1 -1 -1 -1 -1 -1 -1 -1 -1 -1 -1 -1 -1 56 85 11 0 0 0 0 0 0 0 0 0 6 9 18 24 29 34 33 33 33 33 33 33 34 35 38 51 68 51 49 49 49 50 50 51 55 91 90 0 0 1 5 5 0 0 34 53 59 71 87 89 90 92 92 92 91 92 92 89 0 0 0 0 0 0 0 0 0 0 0 0 0 0 0 0 0 0 0 0 0 0 0 0 0 0 0 0 0 0 0 0 0 0 0 0 0 77 92 53 -1 -1 -1 -1 -1 -1 -1 -1 -1
-1 -1 -1 -1 -1 -1 -1 -1 -1 -1 -1 -1 -1 -1 -1 -1 -1 -1 -1 -1 -1 -1 -1 -1 -1 -1 -1 -1 -1 -1 -1 -1 -1 -1 -1 -1 -1 -1 -1 -1 -1 -1 -1 -1 -1 -1 -1 -1 -1 -1 -1 -1 -1 -1 56 86 11 0 0 0 0 0 0 0 0 0 0 0 3 8 17 25 31 33 33 33 33 33 33 35 40 60 64 -1 -1 -1 -1 -1 -1 -1 51 83 89 0 0 0 0 0 0 0 0 0 0 0 0 0 0 0 0 0 0 0 0 0 0 0 0 0 0 0 0 0 0 0 0 0 0 0 0 0 0 0 0 0 0 0 0 0 0 0 0 0 0 0 0 0 0 0 0 0 0 84 92 53 -1 -1 -1 -1 -1 -1 -1 -1 -1
-1 -1 -1 -1 -1 -1 -1 -1 -1 -1 -1 50 50 50 -1 -1 -1 -1 -1 -1 -1 -1 -1 -1 -1 -1 -1 -1 -1 -1 -1 -1 -1 -1 -1 -1 -1 -1 -1 -1 -1 -1 -1 -1 -1 -1 -1 -1 -1 -1 -1 -1 -1 -1 56 85 7 0 0 0 0 0 0 0 0 0 0 0 0 0 0 7 16 25 31 33 33 33 33 33 42 64 62 -1 -1 -1 -1 -1 -1 -1 50 84 88 0 0 0 0 0 0 0 0 0 0 0 0 0 0 0 0 0 0 0 0 0 0 0 0 0 0 0 0 0 0 0 0 0 0 0 0 0 0 0 0 0 0 0 0 0 0 0 0 0 0 0 0 0 0 0 0 0 0 85 92 53 -1 -1 -1 -1 -1 -1 -1 -1 -1
-1 -1 -1 -1 -1 -1 -1 -1 -1 -1 51 58 51 49 50 50 50 -1 -1 -1 -1 -1 -1 -1 -1 -1 -1 -1 -1 -1 -1 -1 -1 -1 -1 -1 -1 -1 -1 -1 -1 -1 -1 -1 -1 -1 -1 -1 -1 -1 -1 -1 -1 -1 56 85 5 0 0 0 0 0 0 0 0 0 0 0 0 0 0 0 0 4 14 25 33 33 33 33 42 67 59 -1 -1 -1 -1 -1 -1 -1 50 86 85 0 0 0 0 0 0 0 0 0 0 0 0 0 0 0 0 0 0 0 0 0 0 0 0 0 0 0 0 0 0 0 0 0 0 0 0 0 0 0 0 0 0 0 0 0 0 0 0 0 0 0 0 0 0 0 0 0 0 85 92 53 -1 -1 -1 -1 -1 -1 -1 -1 -1
-1 -1 -1 -1 -1 -1 -1 -1 -1 53 78 69 42 36 35 36 38 42 45 48 49 50 50 51 53 -1 -1 -1 -1 -1 -1 -1 -1 -1 51 56 57 54 -1 -1 -1 -1 -1 -1 -1 -1 -1 -1 -1 -1 -1 -1 -1 -1 56 86 2 0 0 0 0 0 0 0 0 0 0 0 0 0 0 0 0 0 0 0 13 27 33 33 42 69 56 -1 -1 -1 -1 -1 -1 -1 51 88 86 0 0 0 0 0 0 0 0 0 0 0 0 0 0 0 0 0 0 0 0 0 0 0 0 0 0 0 0 0 0 0 0 0 0 0 0 0 0 0 0 0 0 0 0 0 0 0 0 0 0 0 0 0 0 0 0 0 0 86 92 54 50 -1 -1 -1 -1 -1 -1 -1 -1
-1 -1 -1 -1 -1 -1 -1 -1 -1 55 88 32 21 17 13 15 16 20 28 35 38 45 56 61 62 60 65 67 62 70 69 71 71 72 67 73 61 70 72 69 73 73 71 60 61 57 55 54 54 56 54 54 54 53 57 85 0 0 0 0 0 0 0 0 0 0 0 0 0 0 0 0 0 0 0 0 0 0 5 31 46 68 52 -1 -1 -1 -1 -1 -1 -1 55 92 82 0 0 0 0 0 0 0 0 0 0 0 0 0 0 0 0 0 0 0 0 0 0 0 0 0 0 0 0 0 0 0 0 0 0 0 0 0 0 0 0 0 0 0 0 0 0 0 0 0 0 0 0 0 0 0 0 0 0 86 91 56 50 -1 -1 -1 -1 -1 -1 -1 -1
-1 -1 -1 -1 -1 -1 -1 -1 -1 56 87 25 9 8 8 8 8 9 15 11 18 17 38 22 32 36 36 42 31 45 36 49 46 48 46 58 49 55 58 60 69 68 71 69 77 75 78 75 79 77 77 81 74 77 80 84 0 0 0 0 0 0 0 0 0 0 0 0 0 0 0 0 0 0 0 0 0 0 0 0 7 67 62 56 56 54 -1 -1 -1 -1 56 93 77 0 0 0 0 0 0 0 0 0 0 0 0 0 0 0 0 0 0 0 0 0 0 0 0 0 0 0 0 0 0 0 0 24 0 0 0 0 0 0 0 0 0 0 0 0 0 0 0 0 0 0 0 0 0 0 0 0 0 87 91 56 50 -1 -1 -1 -1 -1 -1 -1 -1
-1 -1 -1 -1 -1 -1 -1 -1 -1 56 87 18 9 9 9 9 9 9 8 8 8 8 7 4 4 5 7 6 7 10 6 11 10 14 13 16 20 21 23 27 25 36 38 30 40 38 44 44 46 47 47 46 44 58 49 41 0 0 0 0 0 0 0 0 0 0 0 0 0 0 0 0 0 0 0 0 0 0 0 0 0 13 62 80 83 83 83 84 84 82 68 92 45 0 0 0 0 0 0 0 0 0 0 0 0 0 0 0 0 0 0 0 0 0 0 0 0 0 0 0 0 0 0 0 0 9 0 0 0 0 0 0 0 0 0 0 0 0 0 0 0 0 0 0 0 0 0 0 0 0 0 87 92 56 50 -1 -1 -1 -1 -1 -1 -1 -1
-1 -1 -1 -1 -1 -1 -1 -1 -1 56 87 18 10 10 10 10 10 9 9 9 9 9 7 5 4 4 4 3 3 3 3 4 3 4 4 4 4 4 4 5 4 2 2 3 1 0 1 1 0 0 0 0 0 5 0 0 0 0 0 0 0 0 0 0 0 0 0 0 0 0 0 0 0 0 0 0 0 0 0 0 0 0 0 9 14 14 30 67 77 85 84 85 0 0 0 0 0 0 0 0 0 0 0 0 0 0 0 0 0 0 0 0 0 0 0 0 0 0 0 0 0 0 0 0 0 0 0 0 0 0 0 0 0 0 0 0 0 0 0 0 0 0 0 0 0 0 0 0 0 0 0 87 92 58 50 -1 -1 -1 -1 -1 -1 -1 -1
-1 -1 -1 -1 -1 -1 -1 -1 -1 56 87 17 9 9 9 9 9 9 9 9 9 9 9 7 4 4 4 4 2 2 2 2 1 1 1 1 0 1 1 0 0 0 0 0 0 0 0 0 0 0 0 0 0 0 0 0 0 0 0 0 0 0 0 0 0 0 0 0 0 0 0 0 0 0 0 0 0 0 0 0 0 0 0 0 0 0 0 0 0 0 0 0 0 0 0 0 0 0 0 0 0 0 0 0 0 0 0 0 0 0 0 0 0 0 0 0 0 0 0 0 0 0 0 0 0 0 0 0 0 0 0 0 0 0 0 0 0 0 0 0 0 0 0 0 0 0 0 0 0 0 0 86 90 58 50 -1 -1 -1 -1 -1 -1 -1 -1
-1 -1 -1 -1 -1 -1 -1 -1 -1 56 87 18 9 9 9 9 8 8 8 8 8 8 8 7 5 4 4 4 3 2 2 2 1 1 0 0 0 0 0 0 0 0 0 0 0 0 0 0 0 0 0 0 0 0 0 0 0 0 0 0 0 0 0 0 0 0 0 0 0 0 0 0 0 0 0 0 0 0 0 0 0 0 0 0 0 0 0 0 0 0 0 0 0 0 0 0 0 0 0 0 0 0 0 0 0 0 0 0 0 0 0 0 0 0 0 0 0 0 0 0 0 0 0 0 0 0 0 0 0 0 0 0 0 0 0 0 0 0 0 0 0 0 0 0 0 0 0 0 0 0 0 85 84 56 50 -1 -1 -1 -1 -1 -1 -1 -1
-1 -1 -1 -1 -1 -1 -1 -1 -1 56 87 19 10 10 10 10 10 9 9 9 9 9 9 8 7 4 4 4 4 3 2 2 2 2 2 1 1 0 0 0 0 0 0 0 0 0 0 0 0 0 0 0 0 0 0 0 0 0 0 0 0 0 0 0 0 0 0 0 0 0 0 0 0 0 0 0 0 0 0 0 0 0 0 0 0 0 0 0 0 0 0 0 0 0 0 0 0 0 0 0 0 0 0 0 0 0 0 0 0 0 0 0 0 0 0 0 0 0 0 0 0 0 0 0 0 0 0 0 0 0 0 0 0 0 0 0 0 0 0 0 0 0 0 0 0 0 0 0 0 0 0 86 75 55 50 -1 -1 -1 -1 -1 -1 -1 -1
-1 -1 -1 -1 -1 -1 -1 -1 -1 56 87 20 10 10 10 10 10 10 10 10 10 10 10 10 9 8 5 5 5 4 3 3 2 2 2 2 2 2 2 1 0 0 0 0 0 0 0 0 0 0 0 0 0 0 0 0 0 0 0 0 0 0 0 0 0 0 0 0 0 0 0 0 0 0 0 0 0 0 0 0 0 0 0 0 0 0 0 0 0 0 0 0 0 0 0 0 0 0 0 0 0 0 0 0 0 0 0 0 0 0 0 0 0 0 0 0 0 0 0 0 0 0 0 0 0 0 0 0 0 0 0 0 0 0 0 0 0 0 0 0 0 0 0 0 0 0 0 0 0 0 0 87 69 52 -1 -1 -1 -1 -1 -1 -1 -1 -1
-1 -1 -1 -1 -1 -1 -1 -1 -1 58 87 20 11 11 11 10 10 10 10 10 10 10 10 10 10 10 8 5 5 5 5 4 4 4 4 2 2 1 0 0 0 0 0 0 0 0 0 0 0 0 0 0 0 0 0 0 0 0 0 0 0 0 0 0 0 0 0 0 0 0 0 0 0 0 0 0 0 0 0 0 0 0 0 0 0 0 0 0 0 0 0 0 0 0 0 0 0 0 0 0 0 0 0 0 0 0 0 0 0 0 0 0 0 0 0 0 0 0 0 0 0 0 0 0 0 0 0 0 0 0 0 0 0 0 0 0 0 0 0 0 0 0 0 0 0 0 0 0 0 0 0 87 64 51 -1 -1 -1 -1 -1 -1 -1 -1 -1
-1 -1 -1 -1 -1 -1 -1 -1 -1 67 86 21 11 11 11 11 11 11 11 11 11 11 11 11 11 10 9 5 5 4 3 3 2 2 2 2 0 0 0 0 0 0 0 0 0 0 0 0 0 0 0 0 0 0 0 0 0 0 0 0 0 0 0 0 0 0 0 0 0 0 0 0 0 0 0 0 0 0 0 0 0 0 0 0 0 0 0 0 0 0 0 0 0 0 0 0 0 0 0 0 0 0 0 0 0 0 0 0 0 0 0 0 0 0 0 0 0 0 0 0 0 0 0 0 0 0 0 0 0 0 0 0 0 0 0 0 0 0 0 0 0 0 0 0 0 0 0 0 0 0 0 87 62 51 -1 -1 -1 -1 -1 -1 -1 -1 -1
-1 -1 -1 -1 -1 -1 -1 -1 -1 71 74 19 11 11 11 11 11 11 11 11 11 10 9 9 9 9 8 6 2 2 0 0 0 0 0 0 0 0 0 0 0 0 0 0 0 0 0 0 0 0 0 0 0 0 0 0 0 0 0 0 0 0 0 0 0 0 0 0 0 0 0 0 0 0 0 0 0 0 0 0 0 0 0 0 0 0 0 0 0 0 0 0 0 0 0 0 0 0 0 0 0 0 0 0 0 0 0 0 0 0 0 0 0 0 0 0 0 0 0 0 0 0 0 0 0 0 0 0 0 0 0 0 0 0 0 0 0 0 0 0 0 0 0 0 0 0 0 0 0 0 27 91 59 50 -1 -1 -1 -1 -1 -1 -1 -1 -1
-1 -1 -1 -1 -1 -1 -1 -1 -1 77 75 20 11 11 10 9 9 8 8 8 8 7 5 5 5 5 5 5 2 0 0 0 0 0 0 0 0 0 0 0 0 0 0 0 0 0 0 0 0 0 0 0 0 0 0 0 0 0 0 0 0 0 0 0 0 0 0 0 0 0 0 0 0 0 0 0 0 0 0 0 0 0 0 0 0 0 0 0 0 0 0 0 0 0 0 0 0 0 0 0 0 0 0 0 0 0 0 0 0 0 0 0 0 0 0 0 0 0 0 0 0 0 0 0 0 0 0 0 0 0 0 0 0 0 0 0 0 0 0 0 0 0 0 0 0 0 0 0 0 0 45 91 58 50 -1 -1 -1 -1 -1 -1 -1 -1 -1
-1 -1 -1 -1 -1 -1 -1 -1 -1 86 73 18 9 8 7 7 7 5 5 5 5 5 4 5 4 4 4 3 1 0 0 0 0 0 0 0 0 0 0 0 0 0 0 0 0 0 0 0 0 0 0 0 0 0 0 0 0 0 0 0 0 0 0 0 0 0 0 0 0 0 0 0 0 0 0 0 0 0 0 0 0 0 0 0 0 0 0 0 0 0 0 0 0 0 0 0 0 0 0 0 0 0 0 0 0 0 0 0 0 0 0 0 0 0 0 0 0 0 0 0 0 0 0 0 0 0 0 0 0 0 0 0 0 0 0 0 0 0 0 0 0 0 0 0 0 0 0 0 0 0 75 91 55 -1 -1 -1 -1 -1 -1 -1 -1 -1 -1
-1 -1 -1 -1 -1 -1 -1 -1 50 86 68 14 6 5 5 5 5 4 4 4 4 4 3 2 2 2 1 1 1 0 0 0 0 0 0 0 0 0 0 0 0 0 0 0 0 0 0 0 0 0 0 0 0 0 0 0 0 0 0 0 0 0 0 0 0 0 0 0 0 0 0 0 0 0 0 0 0 0 0 0 0 0 0 0 0 0 0 0 0 0 0 0 0 0 0 0 0 0 0 0 0 0 0 0 0 0 0 0 0 0 0 0 0 0 0 0 0 0 0 0 0 0 0 0 0 0 0 0 0 0 0 0 0 0 0 0 0 0 0 0 0 0 0 0 0 0 0 0 0 0 81 90 55 -1 -1 -1 -1 -1 -1 -1 -1 -1 -1
-1 -1 -1 -1 -1 -1 -1 -1 52 87 50 9 6 5 5 5 4 3 3 3 2 2 2 1 0 0 0 0 0 0 0 0 0 0 0 0 0 0 0 0 0 0 0 0 0 0 0 0 0 0 0 0 0 0 0 0 0 0 0 0 0 0 0 0 0 0 0 0 0 0 0 0 0 0 0 0 0 0 0 0 0 0 0 0 0 0 0 0 0 0 0 0 0 0 0 0 0 0 0 0 0 0 0 0 0 0 0 0 0 0 0 0 0 0 0 0 0 0 0 0 0 0 0 0 0 0 0 0 0 0 0 0 0 0 0 0 0 0 0 0 0 0 0 0 0 0 0 0 0 0 84 89 55 -1 -1 -1 -1 -1 -1 -1 -1 -1 -1
-1 -1 -1 -1 -1 -1 -1 -1 53 88 35 5 4 3 3 3 2 2 1 1 1 1 1 2 2 2 2 2 2 3 3 1 0 0 0 0 0 0 0 0 0 0 0 0 0 0 0 0 0 0 0 0 0 0 0 0 0 0 0 0 0 0 0 0 0 0 0 0 0 0 0 0 0 0 0 0 0 0 0 0 0 0 0 0 0 0 0 0 0 0 0 0 0 0 0 0 0 0 0 0 0 0 0 0 0 0 0 0 0 0 0 0 0 0 0 0 0 0 0 0 0 0 0 0 4 0 0 0 0 0 0 0 0 0 0 0 0 0 0 0 0 0 0 0 0 0 0 0 0 0 84 90 55 -1 -1 -1 -1 -1 -1 -1 -1 -1 -1
-1 -1 -1 -1 -1 -1 -1 -1 55 90 30 4 3 3 3 3 3 3 3 2 2 2 2 3 3 3 3 3 3 3 3 2 0 0 0 0 0 0 0 0 0 0 0 0 0 0 0 0 0 0 0 0 0 0 0 0 0 0 0 0 0 0 0 0 0 0 0 0 0 0 0 0 0 0 0 0 0 0 0 0 0 0 0 0 0 0 0 0 0 0 0 0 0 0 0 0 0 0 0 0 0 0 0 0 0 0 0 0 0 0 0 0 0 0 0 0 0 0 0 0 0 0 0 0 9 1 0 0 0 0 0 0 0 0 0 0 0 0 0 0 0 0 0 0 0 0 0 0 0 0 82 89 56 -1 -1 -1 -1 -1 -1 -1 -1 -1 -1
-1 -1 -1 -1 -1 -1 -1 -1 58 89 27 4 4 4 4 4 4 4 4 4 4 4 4 4 4 4 4 4 4 4 4 4 2 0 0 0 0 0 0 0 0 0 0 0 0 0 0 0 0 0 0 0 0 0 0 0 0 0 0 0 0 0 0 0 0 0 0 0 0 0 0 0 0 0 0 0 0 0 0 0 0 0 0 0 0 0 0 0 0 0 0 0 0 0 0 0 0 0 0 0 0 0 0 0 0 0 0 0 0 0 0 0 0 0 0 0 0 0 0 0 0 0 0 0 6 0 0 0 0 0 0 0 0 0 0 0 0 0 0 0 0 0 0 0 0 0 0 0 0 0 83 90 56 -1 -1 -1 -1 -1 -1 -1 -1 -1 -1
-1 -1 -1 -1 -1 -1 -1 -1 60 89 26 5 4 4 4 4 4 4 4 4 4 4 4 4 4 4 4 4 4 4 4 4 4 3 0 0 1 1 0 0 0 1 0 0 0 0 0 0 0 0 0 0 0 0 0 0 0 0 0 0 0 0 0 0 0 0 0 0 0 0 0 0 0 0 0 0 0 0 0 0 0 0 0 0 0 0 0 0 0 0 0 0 0 0 0 0 0 0 0 0 0 0 0 0 0 0 0 0 0 0 0 0 0 0 0 0 0 0 0 0 0 0 0 0 0 0 0 0 0 0 0 0 0 0 0 0 0 0 0 0 0 0 0 0 0 0 0 0 0 5 84 89 56 -1 -1 -1 -1 -1 -1 -1 -1 -1 -1
-1 -1 -1 -1 -1 -1 -1 -1 62 88 24 7 5 5 5 5 5 5 5 5 5 5 5 5 5 5 5 5 5 5 5 5 7 6 3 3 3 3 3 2 2 2 2 1 1 1 1 0 0 0 1 0 0 0 1 0 0 0 0 0 0 0 0 0 0 0 0 0 0 0 0 0 0 0 0 0 1 1 1 1 1 1 1 1 2 2 3 4 4 4 4 4 4 5 4 1 1 1 2 3 2 3 3 3 3 4 4 0 0 0 0 0 0 0 0 0 0 0 0 0 0 0 0 0 0 0 0 0 0 0 0 0 0 0 0 0 0 0 0 0 0 0 0 0 0 0 0 0 0 27 89 88 56 -1 -1 -1 -1 -1 -1 -1 -1 -1 -1
-1 -1 -1 -1 -1 -1 -1 -1 65 88 20 6 6 6 6 6 6 6 6 6 6 6 6 6 6 6 6 6 7 7 7 7 8 8 7 4 4 4 4 3 3 3 3 3 2 2 2 3 2 2 3 2 2 2 2 2 1 1 1 1 2 2 3 3 2 2 2 2 1 1 3 3 3 2 4 4 4 4 4 4 3 2 4 4 4 6 6 6 7 6 6 7 8 7 7 7 5 5 6 7 7 7 8 8 9 11 15 20 13 5 0 0 0 0 0 0 0 0 0 0 0 0 0 0 0 0 0 0 0 0 0 0 0 0 0 0 0 0 0 0 0 0 0 0 0 0 0 0 0 11 86 86 56 -1 -1 -1 -1 -1 -1 -1 -1 -1 -1
-1 -1 -1 -1 -1 -1 -1 -1 67 87 20 6 6 6 6 6 6 6 6 6 6 6 6 6 7 7 7 7 8 8 8 8 9 9 9 7 5 5 5 5 4 4 4 5 4 4 4 5 4 4 4 4 3 3 3 3 3 4 4 4 4 4 4 4 4 3 3 4 4 3 4 4 5 5 6 6 6 5 5 5 6 6 6 7 7 8 8 9 9 9 10 9 10 11 11 11 11 8 9 10 10 10 12 15 18 23 25 26 24 18 10 5 1 0 0 0 0 0 0 0 0 0 0 0 0 0 0 0 0 0 0 0 0 0 0 0 0 0 0 0 0 0 0 0 0 0 0 0 0 0 85 82 55 -1 -1 -1 -1 -1 -1 -1 -1 -1 -1
-1 -1 -1 -1 -1 -1 -1 -1 71 86 24 7 7 7 7 7 7 7 7 8 8 8 8 8 9 9 9 9 9 9 9 9 10 10 10 9 7 5 5 5 7 6 6 6 6 5 5 5 5 4 4 4 4 4 5 5 5 5 4 4 5 5 5 5 5 6 5 5 6 5 6 7 7 7 6 6 6 7 8 8 8 9 9 9 9 10 9 10 12 12 13 12 12 13 13 14 14 11 11 13 13 17 20 23 25 27 27 26 26 24 19 14 7 3 0 0 0 0 0 0 0 0 0 0 0 0 0 0 0 0 0 0 0 0 0 0 0 0 0 0 0 0 0 0 0 0 0 0 0 3 85 76 53 -1 -1 -1 -1 -1 -1 -1 -1 -1 -1
-1 -1 -1 -1 -1 -1 -1 -1 75 86 23 8 8 8 8 9 9 9 9 9 10 10 10 10 10 10 10 10 10 10 10 10 10 10 10 10 9 7 7 7 7 6 6 6 6 5 5 5 5 5 5 7 7 6 7 7 7 7 6 6 6 6 5 7 7 7 6 7 8 9 9 9 9 9 8 8 9 9 9 9 10 11 12 11 11 11 13 13 13 14 14 14 13 15 16 17 17 16 15 19 21 23 27 27 27 27 27 26 26 26 24 20 13 4 0 0 0 0 0 0 0 0 0 0 0 0 0 0 0 0 0 0 0 0 0 0 0 0 0 0 0 0 0 0 0 0 0 0 0 7 88 66 51 -1 -1 -1 -1 -1 -1 -1 -1 -1 -1
-1 -1 -1 -1 -1 -1 -1 -1 79 83 22 9 9 9 9 10 10 10 10 10 10 10 10 10 10 10 10 10 10 10 10 10 10 11 11 10 8 8 8 8 7 7 7 7 7 7 7 7 8 7 7 8 8 7 7 7 7 7 6 6 8 8 9 9 9 9 9 9 10 10 9 9 9 9 9 10 11 11 13 12 12 13 13 11 12 15 15 14 14 15 15 17 17 18 19 20 21 21 21 23 27 27 28 27 27 27 27 26 26 26 25 19 11 4 0 0 0 0 0 0 0 0 0 0 0 0 0 0 0 0 0 0 0 0 0 0 0 0 0 0 0 0 0 0 0 0 0 0 0 4 88 75 53 -1 -1 -1 -1 -1 -1 -1 -1 -1 -1
-1 -1 -1 -1 -1 -1 -1 -1 82 78 23 10 10 10 10 10 10 10 10 10 10 10 10 11 11 11 11 11 11 11 12 12 12 13 12 10 9 9 9 9 8 8 8 8 7 8 9 9 8 8 8 8 8 8 8 8 8 7 9 9 10 9 9 11 11 10 10 10 10 10 10 10 10 11 11 12 13 13 13 13 14 14 13 15 15 16 16 16 16 17 18 18 20 21 23 23 25 25 27 27 28 28 27 27 27 27 27 26 26 26 22 17 9 2 0 0 0 0 0 0 0 0 0 0 0 0 0 0 0 0 0 0 0 0 0 0 0 0 0 0 0 0 0 0 0 0 0 0 0 16 91 73 53 -1 -1 -1 -1 -1 -1 -1 -1 -1 -1
-1 -1 -1 -1 -1 -1 -1 -1 85 68 22 11 11 11 11 11 11 11 11 11 11 11 12 12 12 12 13 13 13 13 14 14 14 14 11 9 9 9 9 9 8 8 9 9 10 10 10 9 9 9 9 9 9 9 9 9 10 10 10 10 10 11 11 11 11 11 11 11 10 11 11 12 12 12 12 14 15 14 14 14 14 14 15 16 17 17 17 18 19 20 21 22 23 24 27 28 31 28 28 28 28 28 27 27 27 27 26 26 26 25 20 15 7 2 0 0 0 0 0 0 0 0 0 0 0 0 0 0 0 0 0 0 0 0 0 0 0 0 0 0 0 0 0 0 0 0 0 0 0 43 91 68 51 -1 -1 -1 -1 -1 -1 -1 -1 -1 -1
-1 -1 -1 -1 -1 -1 -1 50 85 62 21 12 12 12 12 12 12 12 12 12 12 12 12 13 13 13 13 14 14 14 14 14 14 13 10 10 11 10 9 9 10 11 10 11 11 11 10 10 10 10 10 9 9 10 11 10 10 11 11 12 12 12 12 13 12 12 12 12 11 12 13 14 13 14 14 15 15 14 14 15 17 16 18 18 19 18 19 21 22 24 24 25 26 28 29 31 29 28 28 28 28 27 27 27 27 27 26 26 26 22 18 13 7 2 0 0 0 0 0 0 0 0 0 0 0 0 0 0 0 0 0 0 0 0 0 0 0 0 0 0 0 0 0 0 0 0 0 0 0 54 91 63 51 -1 -1 -1 -1 -1 -1 -1 -1 -1 -1
-1 -1 -1 -1 -1 -1 -1 50 85 56 19 12 12 12 12 12 12 12 12 12 13 13 13 14 14 14 15 15 15 15 15 15 14 11 11 11 11 11 11 11 11 11 11 11 11 11 10 10 10 10 9 11 12 12 11 11 12 13 13 13 13 13 13 12 12 13 13 13 14 14 15 15 15 15 15 15 16 16 17 18 18 19 19 19 20 22 23 24 25 26 26 29 29 32 32 30 28 28 28 28 27 27 27 27 27 26 26 26 24 21 17 11 5 4 0 0 0 0 0 0 0 0 0 0 0 0 0 0 0 0 0 0 0 0 0 0 0 0 0 0 0 0 0 0 0 0 0 0 0 65 90 62 51 -1 -1 -1 -1 -1 -1 -1 -1 -1 -1
-1 -1 -1 -1 -1 -1 -1 51 85 54 19 12 12 12 12 12 13 13 13 14 15 15 15 15 15 15 15 15 15 15 15 15 12 11 12 16 24 11 11 13 15 11 11 12 14 11 11 11 13 15 12 13 13 13 13 13 13 13 13 13 13 13 13 13 13 15 15 15 15 15 16 15 16 18 20 16 17 19 19 19 19 20 21 22 24 25 25 27 26 28 29 32 33 33 32 28 28 29 32 28 27 27 27 27 26 26 26 25 22 20 16 9 6 18 22 0 0 0 0 0 0 0 0 0 0 0 0 0 0 0 0 0 0 0 0 0 0 0 0 0 0 0 0 0 0 0 0 0 0 73 89 61 51 -1 -1 -1 -1 -1 -1 -1 -1 -1 -1
-1 -1 -1 -1 -1 -1 -1 51 85 47 16 13 13 14 14 14 15 15 15 15 15 15 15 15 15 15 15 15 15 15 15 16 13 12 13 16 23 11 11 13 16 12 12 13 15 12 13 13 14 14 13 14 19 17 13 13 15 18 14 14 15 18 14 15 16 19 15 15 16 18 20 17 18 23 22 19 20 22 25 21 22 24 28 25 25 27 28 32 29 32 34 37 33 32 30 32 30 40 43 27 27 27 28 30 26 26 27 27 21 20 25 27 20 13 12 3 0 0 0 0 0 0 0 0 0 0 0 0 0 0 0 0 0 0 0 0 0 0 0 0 0 0 0 0 0 0 0 0 0 76 90 62 51 -1 -1 -1 -1 -1 -1 -1 -1 -1 -1
-1 -1 -1 -1 -1 -1 -1 54 86 42 16 15 15 15 15 15 15 15 15 15 15 15 15 15 15 15 15 15 16 16 16 13 13 13 14 13 15 13 13 13 13 13 13 13 15 13 14 15 17 13 14 15 16 16 15 15 17 19 15 15 16 18 15 15 16 16 17 17 19 22 19 18 19 21 21 21 22 22 23 22 25 27 31 27 27 29 30 32 33 33 35 37 32 30 29 29 31 37 30 27 27 28 30 27 26 26 25 23 20 17 16 16 11 2 0 0 1 0 0 0 0 0 0 0 0 0 0 0 0 0 0 0 0 0 0 0 0 0 0 0 0 0 0 0 0 0 0 0 0 79 89 62 51 -1 -1 -1 -1 -1 -1 -1 -1 -1 -1
-1 -1 -1 -1 -1 -1 -1 54 85 40 17 15 15 15 15 15 15 15 15 15 15 15 15 15 15 16 16 17 18 17 15 14 14 15 15 16 14 14 14 13 13 14 14 14 14 14 15 18 16 15 16 16 16 16 16 16 15 15 15 15 15 16 16 16 16 17 19 19 20 20 19 19 21 22 22 23 23 24 24 25 27 28 28 29 30 32 34 33 33 33 33 33 32 28 28 29 29 31 27 27 27 27 27 26 26 26 27 21 19 17 15 9 5 1 0 0 0 0 0 0 0 0 0 0 0 0 0 0 0 0 0 0 0 0 0 0 0 0 0 0 0 0 0 0 0 0 0 0 7 84 88 61 51 -1 -1 -1 -1 -1 -1 -1 -1 -1 -1
-1 -1 -1 -1 -1 -1 -1 56 85 39 17 15 15 15 15 15 15 15 15 15 15 16 16 17 17 17 18 19 19 18 15 15 15 15 15 17 14 14 13 15 14 15 15 16 15 16 16 16 17 16 16 16 16 16 16 15 15 15 17 16 17 17 17 20 22 19 20 20 19 20 22 22 23 24 23 25 25 25 27 28 28 29 29 32 33 34 35 33 33 33 33 32 29 28 28 29 29 31 27 27 27 27 27 26 26 25 24 20 18 15 11 7 5 1 2 0 0 0 0 0 0 0 0 0 0 0 0 0 0 0 0 0 0 0 0 0 0 0 0 0 0 0 0 0 0 0 0 0 5 86 87 62 51 -1 -1 -1 -1 -1 -1 -1 -1 -1 -1
-1 -1 -1 -1 -1 -1 -1 60 84 39 17 15 15 15 15 16 16 16 16 16 17 18 18 19 19 19 19 19 18 15 15 15 15 14 15 17 15 15 16 16 16 16 16 18 16 16 17 17 17 16 16 16 16 16 15 16 18 17 18 18 20 20 20 20 21 20 20 20 20 23 24 24 25 26 25 25 29 32 28 29 29 32 33 34 35 34 35 33 33 33 33 29 28 28 28 28 29 31 27 27 27 27 27 26 25 24 22 20 17 14 10 8 4 2 1 0 0 0 0 0 0 0 0 0 0 0 0 0 0 0 0 0 0 0 0 0 0 0 0 0 0 0 0 0 0 0 0 0 4 86 85 62 51 -1 -1 -1 -1 -1 -1 -1 -1 -1 -1
-1 -1 -1 -1 -1 -1 -1 63 83 38 18 16 16 16 17 17 17 18 18 18 19 19 19 19 19 19 19 18 15 15 15 15 15 15 20 20 16 16 17 17 16 17 17 18 17 17 17 17 17 16 16 18 17 17 18 18 19 20 19 20 21 21 20 21 22 21 20 23 24 24 26 25 26 26 28 28 29 31 30 30 32 35 35 35 34 34 35 33 33 33 32 28 28 28 29 28 30 30 27 27 27 27 27 25 24 23 21 19 16 13 10 7 4 2 1 0 0 0 0 0 0 0 0 0 0 0 0 0 0 0 0 0 0 0 0 0 0 0 0 0 0 0 0 0 0 0 0 0 10 85 86 62 51 -1 -1 -1 -1 -1 -1 -1 -1 -1 -1
-1 -1 -1 -1 -1 -1 -1 66 83 33 17 17 17 17 18 18 18 19 19 19 19 19 19 19 19 19 19 18 15 16 16 16 16 18 22 20 17 17 17 18 17 17 18 18 17 16 17 18 18 17 18 18 18 18 20 20 20 20 21 22 22 22 21 22 23 24 24 26 27 26 25 26 29 28 29 30 31 31 33 34 35 35 35 34 34 35 35 33 33 32 29 28 28 28 29 28 30 29 27 26 27 27 26 24 24 22 20 18 15 13 9 7 4 2 1 0 0 0 0 0 0 0 0 0 0 0 0 0 0 0 0 0 0 0 0 0 0 0 0 0 0 0 0 0 0 0 0 0 6 89 79 56 51 -1 -1 -1 -1 -1 -1 -1 -1 -1 -1
-1 -1 -1 -1 -1 -1 -1 69 83 33 17 18 18 18 19 19 19 19 19 19 19 19 19 19 20 20 20 16 16 18 18 17 17 18 21 18 16 18 18 18 17 18 18 19 18 18 19 19 18 18 20 20 19 20 20 21 22 21 22 23 22 22 23 24 25 25 26 26 27 27 26 28 30 30 29 30 33 35 35 35 35 35 35 33 34 35 33 33 32 30 29 28 28 28 28 28 31 29 27 26 27 27 25 24 23 21 19 17 14 12 9 7 4 3 2 0 0 0 0 0 0 0 0 0 0 0 0 0 0 0 0 0 0 0 0 0 0 0 0 0 0 0 0 0 0 0 0 0 18 88 72 55 51 -1 -1 -1 -1 -1 -1 -1 -1 -1 -1
-1 -1 -1 -1 -1 -1 -1 70 80 37 18 18 19 19 19 19 19 19 19 20 20 20 20 20 21 20 17 18 18 18 18 17 18 20 22 18 18 19 19 19 19 19 20 19 18 18 20 20 18 20 21 22 20 20 22 23 23 22 23 24 24 23 25 27 27 26 27 28 28 29 29 31 31 30 31 34 36 36 35 35 35 35 34 33 34 34 33 33 32 29 29 28 28 29 28 30 31 28 26 27 27 26 24 23 22 20 18 16 14 11 9 7 4 3 2 1 0 0 0 0 0 0 0 0 0 0 0 0 0 0 0 0 0 0 0 0 0 0 0 0 0 0 0 0 0 0 0 0 24 89 68 53 51 -1 -1 -1 -1 -1 -1 -1 -1 -1 -1
-1 -1 -1 -1 -1 -1 -1 77 76 38 19 19 19 19 20 20 20 20 20 21 21 21 21 21 21 20 18 18 18 18 17 17 20 23 22 19 20 20 20 19 19 20 20 20 20 20 21 21 20 21 22 21 22 23 24 23 23 24 25 25 25 26 27 28 27 27 28 29 29 30 31 32 32 33 35 36 36 35 35 35 35 35 33 34 35 34 33 32 29 29 29 28 28 28 29 31 31 27 26 27 27 25 24 23 22 20 18 15 13 11 9 6 4 3 2 1 0 0 0 0 0 0 0 0 0 0 0 0 0 0 0 0 0 0 0 0 0 0 0 0 0 0 0 0 0 0 0 0 45 90 65 52 50 -1 -1 -1 -1 -1 -1 -1 -1 -1 -1
-1 -1 -1 -1 -1 -1 -1 81 69 37 20 20 20 20 21 21 21 21 21 21 21 21 22 22 22 18 18 18 18 18 18 18 20 24 23 20 20 20 20 20 21 21 20 20 20 22 22 22 21 22 22 23 23 24 25 24 24 24 27 27 27 27 28 29 28 28 30 31 31 31 32 34 35 35 36 36 35 35 35 35 35 35 33 34 35 33 32 29 29 29 29 28 27 28 29 32 30 27 26 27 26 25 23 22 21 20 17 14 13 11 8 6 4 3 2 1 0 0 0 0 0 0 0 0 0 0 0 0 0 0 0 0 0 0 0 0 0 0 0 0 0 0 0 0 0 0 0 0 54 90 64 53 51 -1 -1 -1 -1 -1 -1 -1 -1 -1 -1
-1 -1 -1 -1 -1 -1 50 83 59 33 23 21 21 21 21 21 21 21 21 21 22 22 23 22 19 18 18 18 19 19 20 21 22 24 24 20 20 21 21 20 21 21 21 21 22 22 23 23 22 24 24 24 25 25 25 27 26 27 27 28 28 29 29 29 29 31 32 32 33 32 36 36 36 35 36 36 35 35 35 35 35 35 33 34 34 33 32 29 29 29 28 28 28 28 29 31 30 26 26 26 25 24 23 22 20 19 17 14 12 11 8 5 4 2 2 1 0 0 0 0 0 0 0 0 0 0 0 0 0 0 0 0 0 0 0 0 0 0 0 0 0 0 0 0 0 0 0 0 66 88 63 51 -1 -1 -1 -1 -1 -1 -1 -1 -1 -1 -1
-1 -1 -1 -1 -1 -1 57 83 53 27 21 21 21 21 21 21 21 22 22 22 23 23 22 19 18 20 20 20 20 21 21 22 24 25 25 21 21 22 22 21 20 22 22 22 23 23 24 25 24 25 25 26 25 27 27 27 27 27 29 29 28 29 29 31 31 32 32 33 36 35 36 36 36 36 36 35 35 35 35 35 35 34 33 33 33 33 29 28 29 29 28 27 28 29 31 31 30 26 26 26 25 24 22 22 20 18 15 13 11 9 8 6 4 2 2 1 0 0 0 0 0 0 0 0 0 0 0 0 0 0 0 0 0 0 0 0 0 0 0 0 0 0 0 0 0 0 0 0 69 87 63 51 -1 -1 -1 -1 -1 -1 -1 -1 -1 -1 -1
-1 -1 -1 -1 -1 -1 64 81 49 25 21 21 21 21 21 23 23 22 23 23 23 24 23 20 20 21 22 21 21 21 21 22 26 26 25 21 22 22 22 22 22 24 24 24 24 24 25 25 25 26 27 27 27 27 29 29 29 29 29 29 29 31 32 32 32 33 34 36 36 36 36 36 36 36 36 35 35 35 35 35 35 33 33 33 33 31 28 29 29 29 27 27 28 29 31 31 30 27 26 25 24 23 21 21 19 17 15 13 11 9 8 6 4 2 2 1 0 0 0 0 0 0 0 0 0 0 0 0 0 0 0 0 0 0 0 0 0 0 0 0 0 0 0 0 0 0 0 0 72 87 63 51 -1 -1 -1 -1 -1 -1 -1 -1 -1 -1 -1
-1 -1 -1 -1 -1 -1 78 75 48 25 21 21 21 22 22 28 23 23 29 24 24 25 22 22 22 22 21 22 22 22 22 24 26 26 24 21 22 23 23 23 24 24 24 24 25 26 26 26 27 27 27 27 27 29 30 30 29 29 29 31 31 32 33 34 33 36 36 37 36 36 36 36 35 35 35 35 35 35 35 35 35 33 33 33 33 29 28 29 29 29 27 28 28 28 31 31 30 25 25 25 24 23 21 20 19 17 15 13 11 9 7 5 3 2 2 2 0 0 0 0 0 0 0 0 0 0 0 0 0 0 0 0 0 0 0 0 0 0 0 0 0 0 0 0 0 0 0 0 76 86 63 51 -1 -1 -1 -1 -1 -1 -1 -1 -1 -1 -1
-1 -1 -1 -1 -1 51 84 59 35 24 22 23 23 23 24 25 42 30 31 32 25 33 29 23 23 23 22 22 22 22 23 26 26 26 24 23 24 24 24 24 25 25 26 25 27 27 28 27 28 28 28 28 30 30 31 30 29 31 32 32 32 34 34 36 36 37 37 37 36 36 36 36 35 35 35 35 35 34 35 35 34 33 33 33 30 28 28 29 29 28 27 28 28 30 31 31 29 25 25 24 24 22 21 21 18 15 14 12 11 9 7 5 4 2 2 2 0 0 0 0 0 0 0 0 0 0 0 0 0 0 0 0 0 0 0 0 0 0 0 0 0 0 0 0 0 0 0 0 77 85 64 51 -1 -1 -1 -1 -1 -1 -1 -1 -1 -1 -1
-1 -1 -1 -1 -1 53 84 51 27 23 24 29 30 31 36 40 58 65 49 54 55 64 71 31 24 23 22 22 22 22 23 26 27 26 25 24 25 25 25 25 26 27 27 28 28 28 28 28 28 30 30 29 31 31 31 31 31 33 33 34 34 36 37 37 36 37 37 37 36 36 36 36 35 35 35 35 35 34 35 35 34 33 33 31 29 28 29 29 28 28 27 28 28 31 31 30 27 25 24 24 23 21 21 19 18 15 15 13 11 9 7 5 4 3 2 2 0 0 0 0 0 0 0 0 0 0 0 0 0 0 0 0 0 0 0 0 0 0 0 0 0 0 0 0 0 0 0 2 80 84 62 51 -1 -1 -1 -1 -1 -1 -1 -1 -1 -1 -1
-1 -1 -1 -1 -1 53 83 51 31 35 27 37 49 42 50 49 59 62 62 57 64 66 85 44 23 22 22 22 22 22 25 27 29 28 25 26 26 25 26 27 27 28 28 29 29 29 28 29 30 31 31 30 31 32 31 32 33 34 34 34 37 38 38 38 37 37 37 36 36 36 36 35 35 35 35 35 35 35 35 35 33 33 32 29 29 28 29 28 28 28 28 27 28 31 31 29 26 24 24 24 22 20 20 19 17 15 13 12 12 10 7 5 4 3 2 2 0 0 0 0 0 0 0 0 0 0 0 0 0 0 0 0 0 0 0 0 0 0 0 0 0 0 0 0 0 0 0 2 79 82 60 51 -1 -1 -1 -1 -1 -1 -1 -1 -1 -1 -1
-1 -1 -1 -1 -1 51 82 58 36 42 42 47 50 50 51 50 51 53 53 54 55 57 85 49 25 22 23 23 23 24 29 29 29 29 27 27 26 27 28 29 29 29 29 29 29 30 30 31 31 31 31 32 33 33 33 34 35 35 37 36 38 38 38 37 37 37 36 36 36 36 36 35 35 35 35 35 34 35 35 34 33 33 30 29 29 28 29 28 28 28 28 27 30 32 31 29 25 24 24 23 22 21 20 18 16 14 13 11 11 9 7 6 5 4 2 2 0 0 0 0 0 0 0 0 0 0 0 0 0 0 0 0 0 0 0 0 0 0 0 0 0 0 0 0 0 0 0 7 80 79 57 51 -1 -1 -1 -1 -1 -1 -1 -1 -1 -1 -1
-1 -1 -1 -1 -1 50 67 64 52 49 47 49 50 49 50 -1 -1 -1 -1 -1 -1 53 84 47 26 24 24 24 25 26 30 30 30 30 27 28 28 29 29 30 29 29 29 30 30 31 31 31 31 32 32 33 34 33 35 35 36 37 38 38 38 38 37 37 37 37 36 36 36 36 36 35 35 35 35 35 34 35 35 33 33 31 29 29 29 28 28 28 28 28 27 28 31 31 30 29 25 24 24 23 22 20 19 18 16 13 12 11 10 9 7 6 4 3 3 4 2 0 0 0 0 0 0 0 0 0 0 0 0 0 0 0 0 0 0 0 0 0 0 0 0 0 0 0 0 0 0 13 78 79 57 51 -1 -1 -1 -1 -1 -1 -1 -1 -1 -1 -1
-1 -1 -1 -1 -1 -1 52 53 50 49 -1 -1 -1 -1 -1 -1 -1 -1 -1 -1 -1 53 84 46 25 25 25 25 26 28 31 31 31 32 29 29 29 30 30 29 29 30 30 31 31 31 31 33 32 33 34 34 35 35 36 38 38 38 38 38 38 38 37 37 37 36 36 37 36 36 35 35 35 35 35 35 35 35 34 33 32 29 29 29 29 28 28 28 28 27 27 28 32 31 30 28 24 24 23 22 21 20 19 17 15 13 12 11 10 8 6 5 4 3 2 3 1 2 1 0 0 0 0 0 0 0 0 0 0 0 0 0 0 0 0 0 0 0 0 0 0 0 0 0 0 0 0 24 84 76 57 51 -1 -1 -1 -1 -1 -1 -1 -1 -1 -1 -1
-1 -1 -1 -1 -1 -1 -1 -1 -1 -1 -1 -1 -1 -1 -1 -1 -1 -1 -1 -1 -1 53 84 58 29 26 26 29 35 31 31 32 33 34 33 30 30 30 31 30 30 31 32 31 31 33 33 33 33 35 36 35 35 38 39 38 38 38 38 38 38 37 37 37 36 36 36 36 36 35 36 36 35 35 35 35 35 34 33 33 30 29 29 29 29 28 28 28 27 27 27 28 31 30 29 27 24 24 23 22 20 19 18 16 14 13 11 11 10 8 6 5 4 3 2 3 2 1 0 0 0 0 0 0 0 0 0 0 0 0 0 0 0 0 0 0 0 0 0 0 0 0 0 0 0 0 0 38 84 72 56 51 -1 -1 -1 -1 -1 -1 -1 -1 -1 -1 -1
-1 -1 -1 -1 -1 -1 -1 -1 -1 -1 -1 -1 -1 -1 -1 -1 -1 -1 -1 -1 -1 53 81 76 64 56 62 57 46 48 44 38 43 39 42 31 35 33 34 32 36 33 35 33 34 37 33 34 35 36 36 36 38 38 39 38 38 38 39 38 37 37 37 37 36 36 36 36 35 35 36 35 35 35 35 35 35 33 33 31 29 29 29 29 28 28 28 28 27 27 28 31 31 29 29 27 24 23 22 21 20 19 18 16 14 13 11 11 10 7 5 5 4 3 2 2 2 0 0 0 0 4 16 15 9 13 4 0 0 0 0 0 0 0 0 0 0 0 0 0 0 0 0 0 0 0 0 49 85 72 57 51 -1 -1 -1 -1 -1 -1 -1 -1 -1 -1 -1
-1 -1 -1 -1 -1 -1 -1 -1 -1 -1 -1 -1 -1 -1 -1 -1 -1 -1 -1 -1 -1 50 60 73 73 67 72 71 66 62 67 64 61 65 69 67 60 59 63 56 56 49 49 53 44 45 45 44 41 42 43 43 44 43 40 42 38 38 40 41 38 41 38 36 36 36 37 36 35 35 35 35 35 35 35 35 34 33 32 29 29 29 29 28 29 28 28 27 27 27 28 30 31 29 28 27 24 23 22 21 20 18 18 15 13 12 11 9 8 7 5 4 4 3 2 2 2 0 0 0 0 22 72 80 80 81 80 78 76 60 29 0 0 0 0 0 0 0 0 0 0 0 0 0 0 0 0 63 86 68 55 51 -1 -1 -1 -1 -1 -1 -1 -1 -1 -1 -1
-1 -1 -1 -1 -1 -1 -1 -1 -1 -1 -1 -1 -1 -1 -1 -1 -1 -1 -1 -1 -1 -1 50 55 60 58 57 60 60 59 61 61 58 58 62 70 69 69 69 71 70 72 72 72 70 71 72 72 69 69 68 69 64 59 53 50 45 38 40 42 39 42 38 40 37 40 37 40 39 36 37 38 35 36 38 36 37 33 30 30 29 29 29 28 28 28 27 27 28 27 28 31 30 29 28 27 23 22 21 21 19 18 16 15 13 12 11 10 8 7 5 4 4 4 2 2 2 0 0 0 4 45 80 75 66 67 78 81 85 85 72 11 0 0 0 0 0 0 0 0 0 0 0 0 0 0 0 65 87 67 53 51 -1 -1 -1 -1 -1 -1 -1 -1 -1 -1 -1
-1 -1 -1 -1 -1 -1 -1 -1 -1 -1 -1 -1 -1 -1 -1 -1 -1 -1 -1 -1 -1 -1 -1 -1 -1 -1 -1 -1 -1 -1 -1 -1 -1 -1 50 53 53 53 54 54 53 54 55 55 54 55 56 55 55 54 55 58 66 68 70 70 71 69 69 70 69 70 69 70 69 70 69 70 68 58 46 48 43 38 36 36 38 36 33 31 33 30 32 29 33 31 28 31 30 35 30 31 29 28 27 26 23 22 21 20 19 18 16 15 13 12 11 10 9 7 5 4 4 4 2 1 2 0 0 0 7 59 79 65 53 52 54 55 56 55 42 7 0 0 0 0 0 0 0 0 0 0 0 0 0 0 0 71 86 66 53 51 -1 -1 -1 -1 -1 -1 -1 -1 -1 -1 -1
-1 -1 -1 -1 -1 -1 -1 -1 -1 -1 -1 -1 -1 -1 -1 -1 -1 -1 -1 -1 -1 -1 -1 -1 -1 -1 -1 -1 -1 -1 -1 -1 -1 -1 -1 -1 -1 -1 -1 -1 -1 -1 -1 -1 -1 50 50 -1 -1 50 50 51 53 53 53 53 54 54 54 54 54 54 54 56 56 58 60 60 63 73 71 71 70 69 69 69 69 69 69 68 68 68 67 62 54 37 35 33 48 49 37 30 31 34 36 37 40 22 20 21 22 17 16 16 18 15 11 10 9 7 5 4 4 4 2 3 6 1 0 0 9 63 78 60 51 -1 -1 -1 -1 49 40 17 2 0 0 0 0 0 0 0 0 0 0 0 0 0 0 71 85 66 50 -1 -1 -1 -1 -1 -1 -1 -1 -1 -1 -1 -1
-1 -1 -1 -1 -1 -1 -1 -1 -1 -1 -1 -1 -1 -1 -1 -1 -1 -1 -1 -1 -1 -1 -1 -1 -1 -1 -1 -1 -1 -1 -1 -1 -1 -1 -1 -1 -1 -1 -1 -1 -1 -1 -1 -1 -1 -1 -1 -1 -1 -1 -1 -1 -1 -1 -1 -1 -1 -1 -1 -1 -1 -1 50 50 50 51 51 51 51 54 54 54 54 54 54 54 54 56 56 56 57 65 71 74 72 69 69 69 71 71 69 68 68 69 69 69 70 64 56 44 36 31 27 24 26 20 15 16 19 20 18 15 16 13 16 15 9 11 11 4 13 67 76 56 50 -1 -1 -1 -1 50 47 30 9 0 0 0 0 0 0 0 0 0 0 0 0 0 0 71 85 64 -1 -1 -1 -1 -1 -1 -1 -1 -1 -1 -1 -1 -1
-1 -1 -1 -1 -1 -1 -1 -1 -1 -1 -1 -1 -1 -1 -1 -1 -1 -1 -1 -1 -1 -1 -1 -1 -1 -1 -1 -1 -1 -1 -1 -1 -1 -1 -1 -1 -1 -1 -1 -1 -1 -1 -1 -1 -1 -1 -1 -1 -1 -1 -1 -1 -1 -1 -1 -1 -1 -1 -1 -1 -1 -1 -1 -1 -1 -1 -1 -1 -1 -1 -1 -1 -1 -1 -1 -1 50 50 50 50 51 52 53 54 54 54 54 54 54 54 54 54 54 54 56 61 72 74 73 71 70 69 70 71 71 72 72 74 75 75 73 72 68 55 47 37 27 20 23 20 35 78 77 54 -1 -1 -1 -1 -1 -1 49 41 19 5 0 0 0 0 0 0 0 0 0 0 0 0 1 75 83 62 -1 -1 -1 -1 -1 -1 -1 -1 -1 -1 -1 -1 -1
-1 -1 -1 -1 -1 -1 -1 -1 -1 -1 -1 -1 -1 -1 -1 -1 -1 -1 -1 -1 -1 -1 -1 -1 -1 -1 -1 -1 -1 -1 -1 -1 -1 -1 -1 -1 -1 -1 -1 -1 -1 -1 -1 -1 -1 -1 -1 -1 -1 -1 -1 -1 -1 -1 -1 -1 -1 -1 -1 -1 -1 -1 -1 -1 -1 -1 -1 -1 -1 -1 -1 -1 -1 -1 -1 -1 -1 -1 -1 -1 -1 -1 -1 -1 -1 -1 -1 -1 -1 -1 -1 -1 -1 50 50 51 53 54 54 54 54 55 55 56 56 57 57 59 64 69 79 81 81 79 79 78 77 77 78 77 79 84 77 53 -1 -1 -1 -1 -1 -1 50 49 44 30 20 19 13 0 1 0 0 0 0 0 0 0 6 75 83 61 -1 -1 -1 -1 -1 -1 -1 -1 -1 -1 -1 -1 -1
-1 -1 -1 -1 -1 -1 -1 -1 -1 -1 -1 -1 -1 -1 -1 -1 -1 -1 -1 -1 -1 -1 -1 -1 -1 -1 -1 -1 -1 -1 -1 -1 -1 -1 -1 -1 -1 -1 -1 -1 -1 -1 -1 -1 -1 -1 -1 -1 -1 -1 -1 -1 -1 -1 -1 -1 -1 -1 -1 -1 -1 -1 -1 -1 -1 -1 -1 -1 -1 -1 -1 -1 -1 -1 -1 -1 -1 -1 -1 -1 -1 -1 -1 -1 -1 -1 -1 -1 -1 -1 -1 -1 -1 -1 -1 -1 -1 -1 -1 -1 -1 -1 -1 -1 -1 -1 -1 50 51 52 55 56 57 57 57 57 57 57 58 65 70 65 55 50 -1 -1 -1 -1 -1 -1 -1 50 55 76 82 82 83 81 82 81 81 81 82 82 79 75 77 89 81 57 -1 -1 -1 -1 -1 -1 -1 -1 -1 -1 -1 -1 -1
-1 -1 -1 -1 -1 -1 -1 -1 -1 -1 -1 -1 -1 -1 -1 -1 -1 -1 -1 -1 -1 -1 -1 -1 -1 -1 -1 -1 -1 -1 -1 -1 -1 -1 -1 -1 -1 -1 -1 -1 -1 -1 -1 -1 -1 -1 -1 -1 -1 -1 -1 -1 -1 -1 -1 -1 -1 -1 -1 -1 -1 -1 -1 -1 -1 -1 -1 -1 -1 -1 -1 -1 -1 -1 -1 -1 -1 -1 -1 -1 -1 -1 -1 -1 -1 -1 -1 -1 -1 -1 -1 -1 -1 -1 -1 -1 -1 -1 -1 -1 -1 -1 -1 -1 -1 -1 -1 -1 -1 -1 -1 -1 -1 -1 -1 -1 -1 -1 50 51 53 51 -1 -1 -1 -1 -1 -1 -1 -1 -1 50 51 55 58 59 66 65 75 77 80 82 84 85 85 87 88 85 66 -1 -1 -1 -1 -1 -1 -1 -1 -1 -1 -1 -1 -1 -1
-1 -1 -1 -1 -1 -1 -1 -1 -1 -1 -1 -1 -1 -1 -1 -1 -1 -1 -1 -1 -1 -1 -1 -1 -1 -1 -1 -1 -1 -1 -1 -1 -1 -1 -1 -1 -1 -1 -1 -1 -1 -1 -1 -1 -1 -1 -1 -1 -1 -1 -1 -1 -1 -1 -1 -1 -1 -1 -1 -1 -1 -1 -1 -1 -1 -1 -1 -1 -1 -1 -1 -1 -1 -1 -1 -1 -1 -1 -1 -1 -1 -1 -1 -1 -1 -1 -1 -1 -1 -1 -1 -1 -1 -1 -1 -1 -1 -1 -1 -1 -1 -1 -1 -1 -1 -1 -1 -1 -1 -1 -1 -1 -1 -1 -1 -1 -1 -1 -1 -1 -1 -1 -1 -1 -1 -1 -1 -1 -1 -1 -1 -1 -1 50 51 51 52 52 53 54 54 54 54 54 54 54 55 53 50 -1 -1 -1 -1 -1 -1 -1 -1 -1 -1 -1 -1 -1 -1
-1 -1 -1 -1 -1 -1 -1 -1 -1 -1 -1 -1 -1 -1 -1 -1 -1 -1 -1 -1 -1 -1 -1 -1 -1 -1 -1 -1 -1 -1 -1 -1 -1 -1 -1 -1 -1 -1 -1 -1 -1 -1 -1 -1 -1 -1 -1 -1 -1 -1 -1 -1 -1 -1 -1 -1 -1 -1 -1 -1 -1 -1 -1 -1 -1 -1 -1 -1 -1 -1 -1 -1 -1 -1 -1 -1 -1 -1 -1 -1 -1 -1 -1 -1 -1 -1 -1 -1 -1 -1 -1 -1 -1 -1 -1 -1 -1 -1 -1 -1 -1 -1 -1 -1 -1 -1 -1 -1 -1 -1 -1 -1 -1 -1 -1 -1 -1 -1 -1 -1 -1 -1 -1 -1 -1 -1 -1 -1 -1 -1 -1 -1 -1 -1 -1 -1 -1 -1 -1 -1 -1 -1 -1 -1 -1 -1 -1 -1 -1 -1 -1 -1 -1 -1 -1 -1 -1 -1 -1 -1 -1 -1 -1
-1 -1 -1 -1 -1 -1 -1 -1 -1 -1 -1 -1 -1 -1 -1 -1 -1 -1 -1 -1 -1 -1 -1 -1 -1 -1 -1 -1 -1 -1 -1 -1 -1 -1 -1 -1 -1 -1 -1 -1 -1 -1 -1 -1 -1 -1 -1 -1 -1 -1 -1 -1 -1 -1 -1 -1 -1 -1 -1 -1 -1 -1 -1 -1 -1 -1 -1 -1 -1 -1 -1 -1 -1 -1 -1 -1 -1 -1 -1 -1 -1 -1 -1 -1 -1 -1 -1 -1 -1 -1 -1 -1 -1 -1 -1 -1 -1 -1 -1 -1 -1 -1 -1 -1 -1 -1 -1 -1 -1 -1 -1 -1 -1 -1 -1 -1 -1 -1 -1 -1 -1 -1 -1 -1 -1 -1 -1 -1 -1 -1 -1 -1 -1 -1 -1 -1 -1 -1 -1 -1 -1 -1 -1 -1 -1 -1 -1 -1 -1 -1 -1 -1 -1 -1 -1 -1 -1 -1 -1 -1 -1 -1 -1
-1 -1 -1 -1 -1 -1 -1 -1 -1 -1 -1 -1 -1 -1 -1 -1 -1 -1 -1 -1 -1 -1 -1 -1 -1 -1 -1 -1 -1 -1 -1 -1 -1 -1 -1 -1 -1 -1 -1 -1 -1 -1 -1 -1 -1 -1 -1 -1 -1 -1 -1 -1 -1 -1 -1 -1 -1 -1 -1 -1 -1 -1 -1 -1 -1 -1 -1 -1 -1 -1 -1 -1 -1 -1 -1 -1 -1 -1 -1 -1 -1 -1 -1 -1 -1 -1 -1 -1 -1 -1 -1 -1 -1 -1 -1 -1 -1 -1 -1 -1 -1 -1 -1 -1 -1 -1 -1 -1 -1 -1 -1 -1 -1 -1 -1 -1 -1 -1 -1 -1 -1 -1 -1 -1 -1 -1 -1 -1 -1 -1 -1 -1 -1 -1 -1 -1 -1 -1 -1 -1 -1 -1 -1 -1 -1 -1 -1 -1 -1 -1 -1 -1 -1 -1 -1 -1 -1 -1 -1 -1 -1 -1 -1
-1 -1 -1 -1 -1 -1 -1 -1 -1 -1 -1 -1 -1 -1 -1 -1 -1 -1 -1 -1 -1 -1 -1 -1 -1 -1 -1 -1 -1 -1 -1 -1 -1 -1 -1 -1 -1 -1 -1 -1 -1 -1 -1 -1 -1 -1 -1 -1 -1 -1 -1 -1 -1 -1 -1 -1 -1 -1 -1 -1 -1 -1 -1 -1 -1 -1 -1 -1 -1 -1 -1 -1 -1 -1 -1 -1 -1 -1 -1 -1 -1 -1 -1 -1 -1 -1 -1 -1 -1 -1 -1 -1 -1 -1 -1 -1 -1 -1 -1 -1 -1 -1 -1 -1 -1 -1 -1 -1 -1 -1 -1 -1 -1 -1 -1 -1 -1 -1 -1 -1 -1 -1 -1 -1 -1 -1 -1 -1 -1 -1 -1 -1 -1 -1 -1 -1 -1 -1 -1 -1 -1 -1 -1 -1 -1 -1 -1 -1 -1 -1 -1 -1 -1 -1 -1 -1 -1 -1 -1 -1 -1 -1 -1
-1 -1 -1 -1 -1 -1 -1 -1 -1 -1 -1 -1 -1 -1 -1 -1 -1 -1 -1 -1 -1 -1 -1 -1 -1 -1 -1 -1 -1 -1 -1 -1 -1 -1 -1 -1 -1 -1 -1 -1 -1 -1 -1 -1 -1 -1 -1 -1 -1 -1 -1 -1 -1 -1 -1 -1 -1 -1 -1 -1 -1 -1 -1 -1 -1 -1 -1 -1 -1 -1 -1 -1 -1 -1 -1 -1 -1 -1 -1 -1 -1 -1 -1 -1 -1 -1 -1 -1 -1 -1 -1 -1 -1 -1 -1 -1 -1 -1 -1 -1 -1 -1 -1 -1 -1 -1 -1 -1 -1 -1 -1 -1 -1 -1 -1 -1 -1 -1 -1 -1 -1 -1 -1 -1 -1 -1 -1 -1 -1 -1 -1 -1 -1 -1 -1 -1 -1 -1 -1 -1 -1 -1 -1 -1 -1 -1 -1 -1 -1 -1 -1 -1 -1 -1 -1 -1 -1 -1 -1 -1 -1 -1 -1
