Resolution: 0.05000000074505806
Width: 158
Height: 164
Origin: position: 
  x: -1.6
  y: -5.5
  z: 0.0
orientation: 
  x: 0.0
  y: 0.0
  z: 0.0
  w: 1.0
Data:
-1 -1 -1 -1 -1 -1 -1 -1 -1 -1 -1 -1 -1 -1 -1 -1 -1 -1 -1 -1 -1 -1 -1 -1 -1 -1 -1 -1 -1 -1 -1 -1 -1 -1 -1 -1 -1 -1 -1 -1 -1 -1 -1 -1 -1 -1 -1 -1 -1 -1 -1 -1 -1 -1 -1 -1 -1 -1 -1 -1 -1 -1 -1 -1 -1 -1 -1 -1 -1 -1 -1 -1 -1 -1 -1 -1 -1 -1 -1 -1 -1 -1 -1 -1 -1 -1 -1 -1 -1 -1 -1 -1 -1 -1 -1 -1 -1 -1 -1 -1 -1 -1 -1 -1 -1 -1 -1 -1 -1 -1 -1 -1 -1 -1 -1 -1 -1 -1 -1 -1 -1 -1 -1 -1 -1 -1 -1 -1 -1 -1 -1 -1 -1 -1 -1 -1 -1 -1 -1 -1 -1 -1 -1 -1 -1 -1 -1 -1 -1 -1 -1 -1 -1 -1 -1 -1 -1 -1
-1 -1 -1 -1 -1 -1 -1 -1 -1 -1 -1 -1 -1 -1 -1 -1 -1 -1 -1 -1 -1 -1 -1 -1 -1 -1 -1 -1 -1 -1 -1 -1 -1 -1 -1 -1 -1 -1 -1 -1 -1 -1 -1 -1 -1 -1 -1 -1 -1 -1 -1 -1 -1 -1 -1 -1 -1 -1 -1 -1 -1 -1 -1 -1 -1 -1 -1 -1 -1 -1 -1 -1 -1 -1 -1 -1 -1 -1 -1 -1 -1 -1 -1 -1 -1 -1 -1 -1 -1 -1 -1 -1 -1 -1 -1 -1 -1 -1 -1 -1 -1 -1 -1 -1 -1 -1 -1 -1 -1 -1 -1 -1 -1 -1 -1 -1 -1 -1 -1 -1 -1 -1 -1 -1 -1 -1 -1 -1 -1 -1 -1 -1 -1 -1 -1 -1 -1 -1 -1 -1 -1 -1 -1 -1 -1 -1 -1 -1 -1 -1 -1 -1 -1 -1 -1 -1 -1 -1
-1 -1 -1 -1 -1 -1 -1 -1 -1 -1 -1 -1 -1 -1 -1 -1 -1 -1 -1 -1 -1 -1 -1 -1 -1 -1 -1 -1 -1 -1 -1 -1 -1 -1 -1 -1 -1 -1 -1 -1 -1 -1 -1 -1 -1 -1 -1 -1 -1 -1 -1 -1 -1 -1 -1 -1 -1 -1 -1 -1 -1 -1 -1 -1 -1 -1 -1 -1 -1 -1 -1 -1 -1 -1 -1 -1 -1 -1 -1 -1 -1 -1 -1 -1 -1 -1 -1 -1 -1 -1 -1 -1 -1 -1 -1 -1 -1 -1 -1 -1 -1 -1 -1 -1 -1 -1 -1 -1 -1 -1 -1 -1 -1 -1 -1 -1 -1 -1 -1 -1 -1 -1 -1 -1 -1 -1 -1 -1 -1 -1 -1 -1 -1 -1 -1 -1 -1 -1 -1 -1 -1 -1 -1 -1 -1 -1 -1 -1 -1 -1 -1 -1 -1 -1 -1 -1 -1 -1
-1 -1 -1 -1 -1 -1 -1 -1 -1 -1 -1 -1 -1 -1 -1 -1 -1 -1 -1 -1 -1 -1 -1 -1 -1 -1 -1 -1 -1 -1 -1 -1 -1 -1 -1 -1 -1 -1 -1 -1 -1 -1 -1 -1 -1 -1 -1 -1 -1 -1 -1 -1 -1 -1 -1 -1 -1 -1 -1 -1 -1 -1 -1 -1 -1 -1 -1 -1 -1 -1 -1 -1 -1 -1 -1 -1 -1 -1 -1 -1 -1 -1 -1 -1 -1 -1 -1 -1 -1 -1 -1 -1 -1 -1 -1 -1 -1 -1 -1 -1 -1 -1 -1 -1 -1 -1 -1 -1 -1 -1 -1 -1 -1 -1 -1 -1 -1 -1 -1 -1 -1 -1 -1 -1 -1 -1 -1 -1 -1 -1 -1 -1 -1 -1 -1 -1 -1 -1 -1 -1 -1 -1 -1 -1 -1 -1 -1 -1 -1 -1 -1 -1 -1 -1 -1 -1 -1 -1
-1 -1 -1 -1 -1 -1 -1 -1 -1 -1 -1 -1 -1 -1 -1 -1 -1 -1 -1 -1 -1 -1 -1 -1 -1 -1 -1 -1 -1 -1 -1 -1 -1 -1 -1 -1 -1 -1 -1 -1 -1 -1 -1 -1 -1 -1 -1 -1 -1 -1 -1 -1 -1 -1 -1 -1 -1 -1 -1 -1 -1 -1 -1 -1 -1 -1 -1 -1 -1 -1 -1 -1 -1 -1 -1 -1 -1 -1 -1 -1 -1 -1 -1 -1 -1 -1 -1 -1 -1 -1 -1 -1 -1 -1 -1 -1 -1 -1 -1 -1 -1 -1 -1 -1 -1 -1 -1 -1 -1 -1 -1 -1 -1 -1 -1 -1 -1 -1 -1 -1 -1 -1 -1 -1 -1 -1 -1 -1 -1 -1 -1 -1 -1 -1 -1 -1 -1 -1 -1 -1 -1 -1 -1 -1 -1 -1 -1 -1 -1 -1 -1 -1 -1 -1 -1 -1 -1 -1
-1 -1 -1 -1 -1 -1 -1 -1 -1 -1 -1 -1 -1 -1 -1 -1 -1 -1 -1 -1 -1 -1 -1 -1 -1 -1 -1 -1 -1 -1 -1 -1 -1 -1 -1 -1 -1 -1 -1 -1 -1 -1 -1 -1 -1 -1 -1 -1 -1 -1 -1 -1 -1 -1 -1 -1 -1 -1 -1 -1 -1 -1 -1 -1 -1 -1 -1 -1 -1 -1 -1 -1 -1 -1 -1 -1 -1 -1 -1 -1 -1 -1 -1 -1 -1 -1 -1 -1 -1 -1 -1 -1 -1 -1 -1 -1 -1 -1 -1 -1 -1 -1 -1 -1 -1 -1 -1 -1 -1 -1 -1 -1 -1 -1 -1 -1 -1 -1 -1 -1 -1 -1 -1 -1 -1 -1 -1 -1 -1 -1 -1 -1 -1 -1 -1 -1 -1 -1 -1 -1 -1 -1 -1 -1 -1 -1 -1 -1 -1 -1 -1 -1 -1 -1 -1 -1 -1 -1
-1 -1 -1 -1 -1 -1 -1 -1 -1 -1 -1 -1 -1 -1 -1 -1 -1 -1 -1 -1 -1 -1 -1 -1 -1 -1 -1 -1 -1 -1 -1 -1 -1 -1 -1 -1 -1 -1 -1 -1 -1 -1 -1 -1 -1 -1 -1 -1 -1 -1 -1 -1 -1 -1 -1 -1 -1 -1 -1 -1 -1 -1 -1 -1 -1 -1 -1 -1 -1 -1 -1 -1 -1 -1 -1 -1 -1 -1 -1 -1 -1 -1 -1 -1 -1 -1 -1 -1 -1 -1 -1 -1 -1 -1 -1 -1 -1 -1 -1 -1 -1 -1 -1 -1 -1 -1 -1 -1 -1 -1 -1 -1 -1 -1 -1 50 54 62 71 73 75 68 55 51 -1 -1 -1 -1 -1 -1 -1 -1 -1 -1 -1 -1 -1 -1 -1 -1 -1 -1 -1 -1 -1 -1 -1 -1 -1 -1 -1 -1 -1 -1 -1 -1 -1 -1
-1 -1 -1 -1 -1 -1 -1 -1 -1 -1 -1 -1 -1 -1 -1 -1 -1 -1 -1 -1 -1 -1 -1 -1 -1 -1 -1 -1 -1 -1 -1 -1 -1 -1 -1 -1 -1 -1 -1 -1 -1 -1 -1 -1 -1 -1 -1 -1 -1 -1 -1 -1 -1 -1 -1 -1 -1 -1 -1 -1 -1 -1 -1 -1 -1 -1 -1 -1 -1 -1 -1 -1 -1 -1 -1 -1 -1 -1 -1 -1 -1 -1 -1 -1 -1 -1 -1 -1 -1 -1 -1 -1 -1 -1 -1 -1 -1 -1 -1 -1 -1 -1 -1 -1 -1 -1 -1 51 56 64 71 75 80 82 83 84 85 85 80 74 77 80 74 57 -1 -1 -1 -1 -1 -1 -1 -1 -1 -1 -1 -1 -1 -1 -1 -1 -1 -1 -1 -1 -1 -1 -1 -1 -1 -1 -1 -1 -1 -1 -1 -1 -1 -1
-1 -1 -1 -1 -1 -1 -1 -1 -1 -1 -1 -1 -1 -1 -1 -1 -1 -1 -1 -1 -1 -1 -1 -1 -1 -1 -1 -1 -1 -1 -1 -1 -1 -1 -1 -1 -1 -1 -1 -1 -1 -1 -1 -1 -1 -1 -1 -1 -1 -1 -1 -1 -1 -1 -1 -1 -1 -1 -1 -1 -1 -1 -1 -1 -1 -1 -1 -1 -1 -1 -1 -1 -1 -1 -1 -1 -1 -1 -1 -1 -1 -1 -1 -1 -1 -1 -1 -1 -1 -1 -1 -1 -1 -1 -1 -1 -1 -1 -1 -1 -1 50 51 52 54 56 56 56 56 59 58 58 53 46 43 42 35 33 32 30 33 44 46 50 -1 -1 -1 -1 -1 -1 -1 -1 -1 -1 -1 -1 -1 -1 -1 -1 -1 -1 -1 -1 -1 -1 -1 -1 -1 -1 -1 -1 -1 -1 -1 -1 -1 -1
-1 -1 -1 -1 -1 -1 -1 -1 -1 -1 -1 -1 -1 -1 -1 -1 -1 -1 -1 -1 -1 -1 -1 -1 -1 -1 -1 -1 -1 -1 -1 -1 -1 -1 -1 -1 -1 -1 -1 -1 -1 -1 -1 -1 -1 -1 -1 -1 -1 -1 -1 -1 -1 -1 -1 -1 -1 -1 -1 -1 -1 -1 -1 -1 -1 -1 -1 -1 -1 -1 -1 -1 -1 -1 -1 -1 -1 -1 -1 -1 -1 -1 -1 -1 -1 -1 -1 -1 -1 -1 -1 52 -1 -1 -1 -1 -1 -1 -1 -1 -1 50 50 51 50 50 50 49 45 42 35 31 27 23 22 22 22 22 22 24 34 46 50 51 -1 -1 -1 -1 -1 -1 -1 -1 -1 -1 -1 -1 -1 -1 -1 -1 -1 -1 -1 -1 -1 -1 -1 -1 -1 -1 -1 -1 -1 -1 -1 -1 -1 -1
-1 -1 -1 -1 -1 -1 -1 -1 -1 -1 -1 -1 -1 -1 -1 -1 -1 -1 -1 -1 -1 -1 -1 -1 -1 -1 -1 -1 -1 -1 -1 -1 -1 -1 -1 -1 -1 -1 -1 -1 -1 -1 -1 -1 -1 -1 -1 -1 -1 -1 -1 -1 -1 -1 -1 -1 -1 -1 -1 -1 -1 -1 -1 -1 -1 -1 -1 -1 -1 -1 -1 -1 -1 -1 -1 50 51 51 51 53 51 49 75 75 75 75 75 75 75 75 75 75 75 -1 -1 -1 -1 -1 -1 -1 -1 50 49 49 47 47 46 45 41 35 29 25 23 22 22 22 22 22 22 25 38 57 57 52 -1 -1 -1 -1 -1 -1 -1 -1 -1 -1 -1 -1 -1 -1 -1 -1 -1 -1 -1 -1 -1 -1 -1 -1 -1 -1 -1 -1 -1 -1 -1 -1 -1 -1
-1 -1 -1 -1 -1 -1 -1 -1 -1 -1 -1 -1 -1 -1 -1 -1 -1 -1 -1 -1 -1 -1 -1 -1 -1 -1 -1 -1 -1 -1 -1 -1 -1 -1 -1 -1 -1 -1 -1 -1 -1 -1 -1 -1 -1 -1 -1 -1 -1 -1 -1 -1 -1 -1 -1 -1 -1 -1 -1 -1 -1 -1 -1 -1 -1 -1 -1 -1 -1 -1 51 53 58 60 62 64 68 69 62 57 51 46 43 48 38 38 38 38 38 38 38 38 44 -1 -1 -1 -1 -1 -1 -1 -1 50 49 49 47 47 46 44 40 34 27 24 22 22 22 22 22 22 22 25 47 63 60 55 -1 -1 -1 -1 -1 -1 -1 -1 -1 -1 -1 -1 -1 -1 -1 -1 -1 -1 -1 -1 -1 -1 -1 -1 -1 -1 -1 -1 -1 -1 -1 -1 -1 -1
-1 -1 -1 -1 -1 -1 -1 -1 -1 -1 -1 -1 -1 -1 -1 -1 -1 -1 -1 -1 -1 -1 -1 -1 -1 -1 -1 -1 -1 -1 -1 -1 -1 -1 -1 -1 -1 -1 -1 -1 -1 -1 -1 -1 -1 -1 -1 -1 -1 -1 -1 -1 -1 -1 -1 -1 -1 -1 -1 -1 -1 52 64 75 75 55 -1 50 53 63 70 71 73 71 71 71 64 56 50 49 49 37 37 37 38 38 38 38 38 38 38 40 -1 -1 -1 -1 -1 -1 -1 -1 -1 50 49 48 47 47 46 44 39 32 27 24 22 22 22 22 22 22 22 25 47 69 69 58 51 -1 -1 -1 -1 -1 -1 -1 -1 -1 -1 -1 -1 -1 -1 -1 -1 -1 -1 -1 -1 -1 -1 -1 -1 -1 -1 -1 -1 -1 -1 -1 -1 -1
-1 -1 -1 -1 -1 -1 -1 -1 -1 -1 -1 -1 -1 -1 -1 -1 -1 -1 -1 -1 -1 -1 -1 -1 -1 -1 -1 -1 -1 -1 -1 -1 -1 -1 -1 -1 -1 -1 -1 -1 -1 -1 -1 -1 -1 -1 -1 -1 -1 -1 -1 66 75 75 75 75 75 75 75 75 75 75 75 75 75 72 -1 50 50 54 53 47 40 35 33 33 33 36 40 44 44 37 37 38 38 38 38 38 38 38 38 48 -1 -1 -1 -1 -1 -1 -1 -1 -1 50 49 48 47 47 46 44 38 31 26 24 22 22 22 22 22 22 22 24 40 64 65 58 50 -1 -1 -1 -1 -1 -1 -1 -1 -1 -1 -1 -1 -1 -1 -1 -1 -1 -1 -1 -1 -1 -1 -1 -1 -1 -1 -1 -1 -1 -1 -1 -1 -1
-1 -1 -1 -1 -1 -1 -1 -1 -1 -1 -1 -1 -1 -1 -1 -1 -1 -1 -1 -1 -1 -1 -1 -1 -1 -1 -1 -1 -1 -1 -1 -1 -1 -1 -1 -1 -1 -1 -1 -1 52 75 75 75 75 75 75 75 75 75 75 76 73 61 49 30 30 30 30 30 30 30 30 30 52 47 -1 -1 49 44 40 36 36 34 33 32 32 35 39 43 35 37 37 38 38 38 38 38 38 38 44 -1 -1 -1 -1 -1 -1 -1 -1 -1 -1 50 49 48 47 47 46 42 37 30 26 23 22 22 22 22 22 22 22 24 35 58 74 59 -1 -1 -1 -1 -1 -1 -1 -1 -1 -1 -1 -1 -1 -1 -1 -1 -1 -1 -1 -1 -1 -1 -1 -1 -1 -1 -1 -1 -1 -1 -1 -1 -1 -1
-1 -1 -1 -1 -1 -1 -1 -1 -1 -1 -1 -1 -1 -1 -1 -1 -1 -1 -1 -1 -1 -1 -1 -1 -1 -1 -1 -1 52 59 75 75 75 75 75 75 75 75 75 75 75 75 65 33 29 30 29 31 32 32 33 34 32 31 29 29 29 30 30 30 30 30 30 31 33 -1 -1 -1 50 45 40 37 36 34 33 32 31 34 38 35 35 36 38 38 38 38 38 38 38 38 -1 -1 -1 -1 -1 -1 -1 -1 -1 -1 50 49 49 48 47 47 46 42 35 28 25 22 22 22 22 22 22 22 22 23 25 48 73 63 54 -1 -1 -1 -1 -1 -1 -1 -1 -1 -1 -1 -1 -1 -1 -1 -1 -1 -1 -1 -1 -1 -1 -1 -1 -1 -1 -1 -1 -1 -1 -1 -1 -1
-1 -1 -1 -1 -1 -1 -1 -1 -1 52 70 73 73 66 -1 -1 61 64 70 73 75 75 75 75 75 75 75 75 75 75 75 75 30 24 24 24 24 24 24 24 24 24 25 28 29 30 28 27 28 28 29 29 27 27 26 28 29 30 30 30 30 30 30 31 35 -1 -1 -1 50 47 42 38 36 35 33 32 31 33 36 29 34 36 38 38 38 38 38 38 38 44 -1 -1 -1 -1 -1 -1 -1 -1 -1 -1 50 49 49 48 47 46 46 40 33 27 24 22 22 22 22 22 22 22 22 22 24 44 72 66 58 -1 -1 -1 -1 -1 -1 -1 -1 -1 -1 -1 -1 -1 -1 -1 -1 -1 -1 -1 -1 -1 -1 -1 -1 -1 -1 -1 -1 -1 -1 -1 -1 -1
-1 -1 -1 -1 -1 -1 -1 -1 59 68 75 75 75 75 75 75 75 75 75 75 75 59 24 24 24 24 24 24 24 24 24 24 24 24 24 24 24 24 24 24 24 24 25 25 25 25 25 25 26 26 27 27 27 27 27 27 29 30 30 30 30 30 30 31 44 -1 -1 -1 50 47 42 39 35 35 34 33 31 33 27 29 34 37 38 38 38 38 38 38 41 -1 -1 -1 -1 -1 -1 -1 -1 -1 -1 -1 50 49 49 48 47 46 45 39 32 26 24 22 22 22 22 22 22 22 22 22 23 41 71 64 58 -1 -1 -1 -1 -1 -1 -1 -1 -1 -1 -1 -1 -1 -1 -1 -1 -1 -1 -1 -1 -1 -1 -1 -1 -1 -1 -1 -1 -1 -1 -1 -1 -1
-1 -1 -1 -1 -1 -1 -1 -1 54 49 32 24 30 24 30 24 24 24 24 24 24 24 24 24 24 24 24 24 24 24 24 24 24 24 24 24 24 24 24 24 24 24 25 25 25 25 25 26 26 26 27 27 28 27 27 26 28 29 30 30 30 30 30 33 -1 -1 -1 -1 -1 50 44 40 36 35 34 33 32 31 24 29 34 37 38 38 38 38 38 38 -1 -1 -1 -1 -1 -1 -1 -1 -1 -1 -1 -1 50 49 49 48 47 46 44 38 31 26 23 22 22 22 22 22 22 22 22 22 23 38 68 67 59 -1 -1 -1 -1 -1 -1 -1 -1 -1 -1 -1 -1 -1 -1 -1 -1 -1 -1 -1 -1 -1 -1 -1 -1 -1 -1 -1 -1 -1 -1 -1 -1 -1
-1 -1 -1 -1 -1 -1 -1 -1 47 44 44 24 24 24 24 24 24 24 24 24 24 24 24 24 24 24 24 24 24 24 24 24 24 24 24 24 24 24 24 24 24 24 25 25 25 25 25 26 26 26 27 28 28 27 27 26 27 29 30 30 30 30 31 44 -1 -1 -1 -1 -1 -1 45 41 37 35 35 33 32 20 23 29 35 37 38 38 38 38 38 44 -1 -1 -1 -1 -1 -1 -1 -1 -1 -1 -1 -1 -1 49 49 47 47 46 43 37 29 25 22 22 22 22 22 22 22 22 22 22 22 28 65 69 62 51 -1 -1 -1 -1 -1 -1 -1 -1 -1 -1 -1 -1 -1 -1 -1 -1 -1 -1 -1 -1 -1 -1 -1 -1 -1 -1 -1 -1 -1 -1 -1 -1
-1 -1 -1 -1 -1 -1 -1 -1 49 55 42 24 24 24 24 24 24 24 24 24 24 24 24 24 24 24 24 24 24 24 24 24 24 24 24 24 24 24 24 24 24 24 24 25 25 26 25 26 26 27 27 28 28 28 27 27 27 28 29 30 30 30 31 53 -1 -1 -1 -1 -1 -1 47 41 37 36 35 33 30 19 23 28 35 37 38 38 38 38 38 -1 -1 -1 -1 -1 -1 -1 -1 -1 -1 -1 -1 -1 -1 49 49 47 47 46 42 35 27 24 22 22 22 22 22 22 22 22 22 22 22 22 54 71 61 50 -1 -1 -1 -1 -1 -1 -1 -1 -1 -1 -1 -1 -1 -1 -1 -1 -1 -1 -1 -1 -1 -1 -1 -1 -1 -1 -1 -1 -1 -1 -1 -1
-1 -1 -1 -1 -1 -1 -1 -1 49 52 42 30 24 24 24 24 24 24 24 24 24 24 24 24 24 24 24 24 24 24 24 24 24 24 24 24 24 24 24 24 24 24 24 25 25 26 26 27 26 27 27 28 28 28 27 27 26 27 29 30 30 30 49 51 -1 -1 -1 -1 -1 -1 48 42 38 35 34 33 20 19 22 29 34 37 38 38 38 38 44 -1 -1 -1 -1 -1 -1 -1 -1 -1 -1 -1 -1 -1 -1 49 49 47 47 46 40 33 27 24 22 22 22 22 22 22 22 22 22 22 22 21 47 76 64 54 -1 -1 -1 -1 -1 -1 -1 -1 -1 -1 -1 -1 -1 -1 -1 -1 -1 -1 -1 -1 -1 -1 -1 -1 -1 -1 -1 -1 -1 -1 -1 -1
-1 -1 -1 -1 -1 -1 -1 -1 52 46 48 25 24 24 24 24 24 24 24 24 24 24 24 24 24 24 24 24 24 24 24 24 24 24 24 24 24 24 24 24 24 24 24 25 25 26 26 27 27 27 27 28 28 28 28 27 26 27 28 29 30 30 74 55 -1 -1 -1 -1 -1 -1 52 43 38 35 34 31 20 19 22 28 33 37 38 38 38 42 -1 -1 -1 -1 -1 -1 -1 -1 -1 -1 -1 -1 -1 -1 -1 49 49 47 47 45 39 33 27 23 22 22 22 22 22 22 22 22 22 22 22 21 40 71 72 60 -1 -1 -1 -1 -1 -1 -1 -1 -1 -1 -1 -1 -1 -1 -1 -1 -1 -1 -1 -1 -1 -1 -1 -1 -1 -1 -1 -1 -1 -1 -1 -1
-1 -1 -1 -1 -1 -1 -1 -1 -1 47 52 33 24 24 24 24 24 24 24 24 24 24 24 24 24 24 24 24 24 24 24 24 24 24 24 24 24 24 24 24 24 24 24 25 25 26 26 27 27 27 27 28 28 28 28 27 27 26 27 29 30 31 73 64 -1 -1 -1 -1 -1 -1 49 45 40 35 35 20 20 19 21 26 33 37 38 38 38 -1 -1 -1 -1 -1 -1 -1 -1 -1 -1 -1 -1 -1 -1 -1 -1 49 49 47 47 45 39 30 25 22 22 22 22 22 22 22 22 22 22 22 21 21 29 64 73 61 -1 -1 -1 -1 -1 -1 -1 -1 -1 -1 -1 -1 -1 -1 -1 -1 -1 -1 -1 -1 -1 -1 -1 -1 -1 -1 -1 -1 -1 -1 -1 -1
-1 -1 -1 -1 -1 -1 -1 -1 -1 49 49 35 24 24 24 24 24 24 24 24 24 24 24 24 24 24 24 24 24 24 24 24 24 24 24 24 24 24 24 24 24 24 24 25 25 26 26 27 27 28 27 28 28 28 28 28 27 26 27 28 29 31 65 68 -1 -1 -1 -1 -1 -1 54 48 42 36 33 21 20 19 20 25 32 37 38 38 44 -1 -1 -1 -1 -1 -1 -1 -1 -1 -1 -1 -1 -1 -1 -1 -1 49 49 47 47 44 36 28 24 22 22 22 22 22 22 22 22 22 22 22 21 19 18 60 74 62 -1 -1 -1 -1 -1 -1 -1 -1 -1 -1 -1 -1 -1 -1 -1 -1 -1 -1 -1 -1 -1 -1 -1 -1 -1 -1 -1 -1 -1 -1 -1 -1
-1 -1 -1 -1 -1 -1 -1 -1 -1 49 53 47 24 24 24 24 24 24 24 24 24 24 24 24 24 24 24 24 24 24 24 24 24 24 24 24 24 24 24 24 24 24 24 25 25 26 26 28 27 28 27 28 28 28 28 28 27 27 26 27 29 32 65 62 -1 -1 -1 -1 -1 -1 51 54 45 38 22 21 20 20 20 24 30 36 38 38 -1 -1 -1 -1 -1 -1 -1 -1 -1 -1 -1 -1 -1 -1 -1 -1 -1 49 49 47 46 42 35 27 24 22 22 22 22 22 22 22 22 22 22 21 21 18 18 56 69 67 52 -1 -1 -1 -1 -1 -1 -1 -1 -1 -1 -1 -1 -1 -1 -1 -1 -1 -1 -1 -1 -1 -1 -1 -1 -1 -1 -1 -1 -1 -1 -1
-1 -1 -1 -1 -1 -1 -1 -1 -1 -1 54 51 25 24 24 24 24 24 24 24 24 24 24 24 24 24 24 24 24 24 24 24 24 24 24 24 24 24 24 24 24 24 24 25 25 26 26 28 28 29 28 28 28 28 28 28 28 27 26 27 29 31 75 57 -1 -1 -1 -1 -1 -1 51 53 46 36 22 21 20 20 20 24 29 36 38 45 -1 -1 -1 -1 -1 -1 -1 -1 -1 -1 -1 -1 -1 -1 -1 -1 -1 49 49 47 46 41 34 27 23 22 22 22 22 22 22 22 22 22 22 21 19 18 17 52 73 74 53 -1 -1 -1 -1 -1 -1 -1 -1 -1 -1 -1 -1 -1 -1 -1 -1 -1 -1 -1 -1 -1 -1 -1 -1 -1 -1 -1 -1 -1 -1 -1
-1 -1 -1 -1 -1 -1 -1 -1 -1 -1 57 49 33 24 24 24 24 24 24 24 24 24 24 24 24 24 24 24 24 24 24 24 24 24 24 24 24 24 24 24 24 24 24 25 25 26 26 28 28 29 28 28 28 28 28 28 28 27 27 26 28 30 57 75 75 75 75 76 76 76 80 80 72 26 23 21 21 20 19 24 29 35 44 -1 -1 -1 -1 -1 -1 -1 -1 -1 -1 -1 -1 -1 -1 -1 -1 -1 -1 49 48 47 46 40 32 25 22 22 22 22 22 22 22 22 22 22 22 21 18 18 17 31 68 76 58 -1 -1 -1 -1 -1 -1 -1 -1 -1 -1 -1 -1 -1 -1 -1 -1 -1 -1 -1 -1 -1 -1 -1 -1 -1 -1 -1 -1 -1 -1 -1
-1 -1 -1 -1 -1 -1 -1 -1 -1 -1 51 49 35 24 24 24 24 24 24 24 24 24 24 24 24 24 24 24 24 24 24 24 24 24 24 24 24 24 24 24 24 24 24 25 25 26 26 28 28 29 29 29 28 28 28 28 28 27 27 26 29 34 37 62 67 65 63 63 65 63 63 43 31 25 22 21 21 20 19 23 28 34 49 -1 -1 -1 -1 -1 -1 -1 -1 -1 -1 -1 -1 -1 -1 -1 -1 -1 -1 49 48 47 45 38 29 24 22 22 22 22 22 22 22 22 22 22 21 20 18 17 17 17 62 72 60 -1 -1 -1 -1 -1 -1 -1 -1 -1 -1 -1 -1 -1 -1 -1 -1 -1 -1 -1 -1 -1 -1 -1 -1 -1 -1 -1 -1 -1 -1 -1
-1 -1 -1 -1 -1 -1 -1 -1 -1 -1 51 53 42 24 24 24 24 24 24 24 24 24 24 24 24 24 24 24 24 24 24 24 24 24 24 24 24 24 24 24 24 24 24 25 25 26 26 28 28 29 29 29 29 28 28 28 28 28 27 27 27 28 33 31 30 31 32 31 30 28 27 27 27 25 23 22 21 20 19 22 27 40 49 -1 -1 -1 -1 -1 -1 -1 -1 -1 -1 -1 -1 -1 -1 -1 -1 -1 -1 49 48 47 44 36 28 23 22 22 22 22 22 22 22 22 22 22 21 19 18 17 17 17 58 74 62 -1 -1 -1 -1 -1 -1 -1 -1 -1 -1 -1 -1 -1 -1 -1 -1 -1 -1 -1 -1 -1 -1 -1 -1 -1 -1 -1 -1 -1 -1 -1
-1 -1 -1 -1 -1 -1 -1 -1 -1 -1 52 44 42 25 24 24 24 24 24 24 24 24 24 24 24 24 24 24 24 24 24 24 24 24 24 24 24 24 24 24 24 24 24 25 25 26 26 28 28 29 30 29 29 28 28 28 28 28 27 27 27 27 27 27 28 28 29 29 29 29 29 28 27 26 24 23 21 20 20 21 27 45 49 -1 -1 -1 -1 -1 -1 -1 -1 -1 -1 -1 -1 -1 -1 -1 -1 -1 -1 49 48 47 42 35 27 23 22 22 22 22 22 22 22 22 22 22 20 18 17 17 17 17 52 65 70 -1 -1 -1 -1 -1 -1 -1 -1 -1 -1 -1 -1 -1 -1 -1 -1 -1 -1 -1 -1 -1 -1 -1 -1 -1 -1 -1 -1 -1 -1 -1
-1 -1 -1 -1 -1 -1 -1 -1 -1 -1 49 46 44 27 24 24 24 24 24 24 24 24 24 24 24 24 24 24 24 24 24 24 24 24 24 24 24 24 24 24 24 24 24 25 25 26 26 28 28 29 30 30 29 29 28 28 28 28 28 29 27 27 27 27 28 29 29 29 29 29 29 29 28 25 24 23 21 20 20 21 34 45 49 -1 -1 -1 -1 -1 -1 -1 -1 -1 -1 -1 -1 -1 -1 -1 -1 -1 -1 49 48 47 42 33 26 22 22 22 22 22 22 22 22 22 22 21 19 18 17 17 17 17 51 66 74 51 -1 -1 -1 -1 -1 -1 -1 -1 -1 -1 -1 -1 -1 -1 -1 -1 -1 -1 -1 -1 -1 -1 -1 -1 -1 -1 -1 -1 -1 -1
-1 -1 -1 -1 -1 -1 -1 -1 57 61 59 69 75 54 24 24 24 24 24 24 24 24 24 24 24 24 24 24 24 24 24 24 24 24 24 24 24 24 24 24 24 24 24 25 25 26 26 28 28 29 30 30 29 29 28 28 28 28 28 28 27 27 27 27 28 29 29 29 31 31 31 30 28 26 24 23 22 21 20 27 36 44 49 -1 -1 -1 -1 -1 -1 -1 -1 -1 -1 -1 -1 -1 -1 -1 -1 -1 -1 49 48 47 41 32 24 22 22 22 22 22 22 22 22 22 22 20 18 17 17 17 17 17 40 69 76 54 -1 -1 -1 -1 -1 -1 -1 -1 -1 -1 -1 -1 -1 -1 -1 -1 -1 -1 -1 -1 -1 -1 -1 -1 -1 -1 -1 -1 -1 -1
-1 -1 -1 -1 -1 -1 57 75 75 75 75 75 71 46 24 24 24 24 24 24 24 24 24 24 24 24 24 24 24 24 24 24 24 24 24 24 24 24 24 24 24 24 24 25 25 26 26 28 28 29 30 30 30 29 29 28 28 28 28 29 28 27 27 28 28 29 29 29 31 31 32 30 29 27 24 23 22 20 20 32 36 44 49 -1 -1 -1 -1 -1 -1 -1 -1 -1 -1 -1 -1 -1 -1 -1 -1 -1 -1 49 47 47 39 30 23 22 22 22 22 22 22 22 22 22 21 19 18 17 17 17 17 17 31 66 76 56 -1 -1 -1 -1 -1 -1 -1 -1 -1 -1 -1 -1 -1 -1 -1 -1 -1 -1 -1 -1 -1 -1 -1 -1 -1 -1 -1 -1 -1 -1
-1 -1 -1 -1 -1 52 73 75 51 29 24 24 24 24 25 24 24 24 24 24 24 24 24 24 24 24 24 24 24 24 24 24 24 24 24 24 24 24 24 24 24 24 24 25 25 26 27 28 29 29 30 30 30 29 29 29 28 28 28 29 28 27 27 28 29 29 29 29 31 32 32 31 29 28 25 23 22 20 25 31 35 42 48 -1 -1 -1 -1 -1 -1 -1 -1 -1 -1 -1 -1 -1 -1 -1 -1 -1 -1 49 47 45 36 28 23 22 22 22 22 22 22 22 22 22 21 18 17 17 17 17 17 17 25 61 77 61 -1 -1 -1 -1 -1 -1 -1 -1 -1 -1 -1 -1 -1 -1 -1 -1 -1 -1 -1 -1 -1 -1 -1 -1 -1 -1 -1 -1 -1 -1
-1 -1 -1 -1 -1 -1 58 73 24 24 24 24 24 24 26 24 24 24 24 24 24 24 24 24 24 24 24 24 24 24 24 24 24 24 24 24 24 24 24 24 24 24 24 25 25 26 27 28 29 29 30 30 30 30 29 29 28 28 29 29 29 28 27 28 29 29 29 31 31 32 33 31 30 29 26 24 22 20 31 31 34 41 48 -1 -1 -1 -1 -1 -1 -1 -1 -1 -1 -1 -1 -1 -1 -1 -1 -1 -1 49 47 43 34 26 22 22 22 22 22 22 22 22 22 22 20 18 17 17 17 17 17 17 17 54 75 65 -1 -1 -1 -1 -1 -1 -1 -1 -1 -1 -1 -1 -1 -1 -1 -1 -1 -1 -1 -1 -1 -1 -1 -1 -1 -1 -1 -1 -1 -1
-1 -1 -1 -1 -1 -1 53 75 24 24 24 24 24 24 29 24 24 24 24 24 24 24 24 24 24 24 24 24 24 24 24 24 24 24 24 24 24 24 24 24 24 24 24 25 25 26 27 28 29 29 30 30 30 30 30 29 29 28 29 29 29 28 29 28 29 29 29 31 31 33 33 32 31 29 26 24 22 33 31 31 34 41 48 -1 -1 -1 -1 -1 -1 -1 -1 -1 -1 -1 -1 -1 -1 -1 -1 -1 -1 49 47 42 33 25 22 22 22 22 22 22 22 22 22 21 18 17 17 17 17 17 17 17 17 47 71 71 51 -1 -1 -1 -1 -1 -1 -1 -1 -1 -1 -1 -1 -1 -1 -1 -1 -1 -1 -1 -1 -1 -1 -1 -1 -1 -1 -1 -1 -1
-1 -1 -1 -1 -1 -1 54 65 24 24 24 24 24 24 25 24 24 24 24 24 24 24 24 24 24 24 24 24 24 24 24 24 24 24 24 24 24 24 24 24 24 24 24 25 25 26 27 28 29 29 30 30 30 30 30 29 29 28 29 29 29 29 29 29 29 29 31 31 32 33 33 33 31 29 27 24 28 32 31 31 33 39 47 -1 -1 -1 -1 -1 -1 -1 -1 -1 -1 -1 -1 -1 -1 -1 -1 -1 50 49 47 40 32 23 22 22 22 22 22 22 22 22 22 20 18 17 17 17 17 17 17 17 17 45 68 74 51 -1 -1 -1 -1 -1 -1 -1 -1 -1 -1 -1 -1 -1 -1 -1 -1 -1 -1 -1 -1 -1 -1 -1 -1 -1 -1 -1 -1 -1
-1 -1 -1 -1 -1 -1 52 75 25 24 24 24 24 24 24 25 24 24 24 24 24 24 24 24 24 24 24 24 24 24 24 24 24 24 24 24 24 24 24 24 24 24 24 25 25 26 27 28 29 29 30 30 30 30 30 30 29 29 29 29 29 29 30 29 29 29 31 31 33 33 33 33 32 31 27 24 34 32 31 31 32 38 47 50 -1 -1 -1 -1 -1 -1 -1 -1 -1 -1 -1 -1 -1 -1 -1 -1 49 49 47 39 30 23 22 22 22 22 22 22 22 22 21 19 18 17 17 17 17 17 17 17 17 42 67 77 53 -1 -1 -1 -1 -1 -1 -1 -1 -1 -1 -1 -1 -1 -1 -1 -1 -1 -1 -1 -1 -1 -1 -1 -1 -1 -1 -1 -1 -1
-1 -1 -1 -1 -1 -1 55 71 25 24 24 24 24 24 24 25 24 24 24 24 24 24 24 24 24 24 24 24 24 24 24 24 24 24 24 24 24 24 24 24 24 24 24 25 25 26 27 28 29 29 30 30 30 30 30 30 29 30 29 29 29 30 30 30 30 31 31 32 33 33 34 33 32 31 29 31 34 33 32 31 31 37 45 49 -1 -1 -1 -1 -1 -1 -1 -1 -1 -1 -1 -1 -1 -1 -1 -1 49 49 46 37 27 22 22 22 22 22 22 22 22 22 20 18 17 17 17 17 17 17 17 17 17 33 64 78 58 -1 -1 -1 -1 -1 -1 -1 -1 -1 -1 -1 -1 -1 -1 -1 -1 -1 -1 -1 -1 -1 -1 -1 -1 -1 -1 -1 -1 -1
-1 -1 -1 -1 -1 -1 49 73 27 25 24 24 24 24 24 24 24 24 24 24 24 24 24 24 24 24 24 24 24 24 24 24 24 24 24 24 24 24 24 24 24 24 24 25 25 26 27 28 29 30 30 30 30 30 30 30 30 30 30 29 29 30 31 31 30 31 31 33 33 34 34 34 33 31 29 37 34 32 32 31 31 36 44 49 -1 -1 -1 -1 -1 -1 -1 -1 -1 -1 -1 -1 -1 -1 -1 -1 49 49 44 35 26 22 22 22 22 22 22 22 22 21 20 18 17 17 17 17 17 17 17 17 17 20 53 75 65 51 -1 -1 -1 -1 -1 -1 -1 -1 -1 -1 -1 -1 -1 -1 -1 -1 -1 -1 -1 -1 -1 -1 -1 -1 -1 -1 -1 -1
-1 -1 -1 -1 -1 -1 -1 75 33 25 24 24 24 24 24 24 24 24 24 24 24 24 24 24 24 24 24 24 24 24 24 24 24 24 24 24 24 24 24 24 24 24 24 25 25 26 27 28 29 30 30 30 30 30 30 30 30 31 30 29 29 30 31 31 30 31 32 33 33 34 34 34 33 31 41 38 35 32 31 31 31 35 42 49 -1 -1 -1 -1 -1 -1 -1 -1 -1 -1 -1 -1 -1 -1 -1 -1 49 49 42 33 24 22 22 22 22 22 22 22 22 20 18 17 17 17 17 17 17 17 17 17 17 17 47 75 67 51 -1 -1 -1 -1 -1 -1 -1 -1 -1 -1 -1 -1 -1 -1 -1 -1 -1 -1 -1 -1 -1 -1 -1 -1 -1 -1 -1 -1
-1 -1 -1 -1 -1 -1 -1 73 28 27 25 24 24 24 24 24 24 24 24 24 24 24 24 24 24 24 24 24 24 24 24 24 24 24 24 24 24 24 24 24 24 24 24 25 25 26 27 28 29 30 30 30 30 30 30 30 30 31 30 30 30 31 31 32 33 32 33 33 34 34 34 34 33 38 41 39 35 33 31 30 30 34 42 48 -1 -1 -1 -1 -1 -1 -1 -1 -1 -1 -1 -1 -1 -1 -1 -1 49 49 41 31 23 22 22 22 22 22 22 22 22 20 18 17 17 17 17 17 17 17 17 17 17 17 44 72 75 51 -1 -1 -1 -1 -1 -1 -1 -1 -1 -1 -1 -1 -1 -1 -1 -1 -1 -1 -1 -1 -1 -1 -1 -1 -1 -1 -1 -1
-1 -1 -1 -1 -1 -1 -1 68 64 27 26 24 24 24 24 24 24 24 24 24 24 24 24 24 24 24 24 24 24 24 24 24 24 24 24 24 24 24 24 24 24 24 24 25 25 26 28 28 29 30 30 30 30 30 30 30 31 31 31 30 31 31 31 32 33 33 33 33 34 34 34 34 33 44 42 40 36 33 31 30 30 34 42 48 -1 -1 -1 -1 -1 -1 -1 -1 -1 -1 -1 -1 -1 -1 -1 -1 49 49 41 30 23 22 22 22 22 22 22 22 20 18 17 17 17 17 17 17 17 17 17 17 17 17 41 66 76 52 -1 -1 -1 -1 -1 -1 -1 -1 -1 -1 -1 -1 -1 -1 -1 -1 -1 -1 -1 -1 -1 -1 -1 -1 -1 -1 -1 -1
-1 -1 -1 -1 -1 -1 -1 58 67 28 26 25 24 24 24 24 24 24 24 24 24 24 24 24 24 24 24 24 24 24 24 24 24 24 24 24 24 24 24 24 24 24 24 25 25 26 28 28 29 30 30 30 30 30 30 30 31 31 31 30 31 31 32 33 34 35 34 34 34 34 34 34 40 44 43 40 36 33 31 30 30 33 40 48 -1 -1 -1 -1 -1 -1 -1 -1 -1 -1 -1 -1 -1 -1 -1 -1 49 48 38 27 22 22 22 22 22 22 22 22 20 18 17 17 17 17 17 17 17 17 17 17 17 17 39 63 75 55 -1 -1 -1 -1 -1 -1 -1 -1 -1 -1 -1 -1 -1 -1 -1 -1 -1 -1 -1 -1 -1 -1 -1 -1 -1 -1 -1 -1
-1 -1 -1 -1 -1 -1 -1 52 73 29 27 26 24 24 24 24 24 24 24 24 24 24 24 24 24 24 24 24 24 24 24 24 24 24 24 24 24 24 24 24 24 24 24 25 25 26 28 28 29 30 30 30 30 30 30 30 31 31 31 32 32 32 32 33 35 35 34 34 34 34 34 34 46 45 43 41 37 34 31 30 30 32 40 48 -1 -1 -1 -1 -1 -1 -1 -1 -1 -1 -1 -1 -1 -1 -1 -1 49 45 35 24 22 22 22 22 22 22 22 21 18 17 17 17 17 17 17 17 17 17 17 17 17 17 32 64 79 58 51 52 54 54 55 53 -1 -1 -1 -1 -1 -1 -1 -1 -1 -1 -1 -1 -1 -1 -1 -1 -1 -1 -1 -1 -1 -1
-1 -1 -1 -1 -1 -1 -1 52 75 30 28 26 24 24 24 24 24 24 24 24 24 24 24 24 24 24 24 24 24 24 24 24 24 24 24 24 24 24 24 24 24 24 24 25 25 26 28 28 29 30 30 30 30 30 30 30 31 31 31 32 32 33 33 34 36 36 36 35 34 34 34 46 46 45 43 41 38 35 31 29 29 31 38 47 -1 -1 -1 -1 -1 -1 -1 -1 -1 -1 -1 -1 -1 -1 -1 -1 50 44 33 23 22 22 22 22 22 22 22 20 18 17 17 17 17 17 17 17 17 17 17 17 17 17 22 54 82 67 57 65 73 75 82 74 53 -1 -1 -1 -1 -1 -1 -1 -1 -1 -1 -1 -1 -1 -1 -1 -1 -1 -1 -1 -1 -1
-1 -1 -1 -1 -1 -1 -1 -1 75 31 29 27 26 24 24 24 24 24 24 24 24 24 24 24 24 24 24 24 24 24 24 24 24 24 24 24 24 24 24 24 24 24 24 25 25 26 28 28 29 30 30 30 30 30 30 31 31 31 31 32 33 33 34 35 36 36 36 35 34 34 40 46 46 46 45 42 39 36 32 29 29 30 36 45 -1 -1 -1 -1 -1 -1 -1 -1 -1 -1 -1 -1 -1 -1 -1 -1 49 43 31 23 22 22 22 22 22 22 22 19 17 17 17 17 17 17 17 17 17 17 17 17 17 17 17 41 80 88 87 82 78 75 74 73 58 -1 -1 -1 -1 -1 -1 -1 -1 -1 -1 -1 -1 -1 -1 -1 -1 -1 -1 -1 -1 -1
-1 -1 -1 -1 -1 -1 -1 -1 75 32 30 28 26 24 24 24 24 24 24 24 24 24 24 24 24 24 24 24 24 24 24 24 24 24 24 24 24 24 24 24 24 24 24 24 25 26 28 29 29 30 30 30 30 30 30 31 31 31 32 33 33 33 35 36 36 36 36 36 35 34 46 46 46 46 45 43 40 36 32 30 29 30 35 44 -1 -1 -1 -1 -1 -1 -1 -1 -1 -1 -1 -1 -1 -1 -1 -1 49 42 29 22 22 22 22 22 22 22 21 18 17 17 17 17 17 17 17 17 17 17 17 17 17 17 17 17 19 25 42 47 38 43 64 59 50 -1 -1 -1 -1 -1 -1 -1 -1 -1 -1 -1 -1 -1 -1 -1 -1 -1 -1 -1 -1 -1
-1 -1 -1 -1 -1 -1 -1 -1 75 33 31 30 26 26 24 24 24 24 24 24 24 24 24 24 24 24 24 24 24 24 24 24 24 24 24 24 24 24 24 24 24 24 24 24 25 26 28 29 29 30 30 30 30 30 30 31 31 31 32 33 33 35 36 36 36 36 36 36 35 40 46 46 46 46 45 43 40 36 33 30 29 29 33 43 -1 -1 -1 -1 -1 -1 -1 -1 -1 -1 -1 -1 -1 -1 -1 -1 48 40 26 22 22 22 22 22 22 22 20 17 17 17 17 17 17 17 17 17 17 17 17 17 17 17 17 17 17 17 17 18 21 40 68 61 -1 -1 -1 -1 -1 -1 -1 -1 -1 -1 -1 -1 -1 -1 -1 -1 -1 -1 -1 -1 -1 -1
-1 -1 -1 -1 -1 -1 -1 -1 75 33 32 30 28 26 24 24 24 24 24 24 24 24 24 24 24 24 24 24 24 24 24 24 24 24 24 24 24 24 24 24 24 24 24 24 25 26 28 29 30 30 30 30 30 30 30 31 31 31 32 33 33 35 37 37 37 36 36 36 35 46 46 46 46 46 45 43 41 37 33 30 28 29 33 43 -1 -1 -1 -1 -1 -1 -1 -1 -1 -1 -1 -1 -1 -1 -1 -1 47 37 24 22 22 22 22 22 22 21 18 17 17 17 17 17 17 17 17 17 17 17 17 17 17 17 17 17 17 17 17 21 30 41 55 49 -1 -1 -1 -1 -1 -1 -1 -1 -1 -1 -1 -1 -1 -1 -1 -1 -1 -1 -1 -1 -1 -1
-1 -1 -1 -1 -1 -1 -1 -1 75 33 33 31 30 26 26 24 24 24 24 24 24 24 24 24 24 24 24 24 24 24 24 24 24 24 24 24 24 24 24 24 24 24 24 24 25 26 28 29 30 30 30 30 30 30 31 31 31 32 33 33 35 35 37 37 37 37 36 36 48 47 46 46 46 46 46 45 42 38 34 31 29 29 33 42 49 -1 -1 -1 -1 -1 -1 -1 -1 -1 -1 -1 -1 -1 -1 -1 45 33 23 22 22 22 22 22 22 20 18 17 17 17 17 17 17 17 17 17 17 17 17 17 17 17 17 17 17 17 17 29 47 58 54 50 -1 -1 -1 -1 -1 -1 -1 -1 -1 -1 -1 -1 -1 -1 -1 -1 -1 -1 -1 -1 -1 -1
-1 -1 -1 -1 -1 -1 -1 -1 75 49 33 31 30 28 26 24 24 24 24 24 24 24 24 24 24 24 24 24 24 24 24 24 24 24 24 24 24 24 24 24 24 24 24 24 25 26 28 29 30 30 30 30 30 30 31 31 31 32 33 33 35 37 37 38 38 37 36 43 48 47 46 46 46 46 46 45 43 40 36 32 29 28 32 40 49 -1 -1 -1 -1 -1 -1 -1 -1 -1 -1 -1 -1 -1 -1 50 44 31 22 22 22 22 22 22 21 18 17 17 17 17 17 17 17 17 17 17 17 17 17 17 17 17 17 17 17 17 17 33 63 76 50 -1 -1 -1 -1 -1 -1 -1 -1 -1 -1 -1 -1 -1 -1 -1 -1 -1 -1 -1 -1 -1 -1 -1
-1 -1 -1 -1 -1 -1 -1 -1 75 58 33 32 31 30 26 26 24 24 24 24 24 24 24 24 24 24 24 24 24 24 24 24 24 24 24 24 24 24 24 24 24 24 24 24 25 26 28 29 30 30 30 30 30 30 31 31 31 33 33 35 35 37 37 38 38 38 37 48 48 48 46 46 46 46 46 45 44 40 36 32 29 27 29 38 47 -1 -1 -1 -1 -1 -1 -1 -1 -1 -1 -1 -1 -1 -1 50 44 29 22 22 22 22 22 22 20 18 17 17 17 17 17 17 17 17 17 17 17 17 17 17 17 17 17 17 17 17 16 31 65 80 -1 -1 -1 -1 -1 -1 -1 -1 -1 -1 -1 -1 -1 -1 -1 -1 -1 -1 -1 -1 -1 -1 -1 -1
-1 -1 -1 -1 -1 -1 -1 -1 70 69 33 33 31 30 28 26 25 24 24 24 24 24 24 24 24 24 24 24 24 24 24 24 24 24 24 24 24 24 24 24 24 24 24 24 25 26 28 29 30 30 30 30 30 30 31 31 32 33 33 35 37 37 38 38 38 38 49 48 48 48 47 46 46 46 46 45 44 41 36 33 29 27 28 35 47 -1 -1 -1 -1 -1 -1 -1 -1 -1 -1 -1 -1 -1 -1 51 47 29 22 22 22 22 22 21 18 17 17 17 17 17 17 17 17 17 17 17 17 17 17 17 17 17 17 17 17 16 15 29 66 85 53 -1 -1 -1 -1 -1 -1 -1 -1 -1 -1 -1 -1 -1 -1 -1 -1 -1 -1 -1 -1 -1 -1 -1
-1 -1 -1 -1 -1 -1 -1 -1 56 73 33 33 32 31 30 26 25 24 24 24 24 24 24 24 24 24 24 24 24 24 24 24 24 24 24 24 24 24 24 24 24 24 24 24 25 26 28 29 30 30 30 30 30 31 31 31 32 33 33 35 37 37 38 38 38 38 50 49 48 48 48 47 46 46 46 46 45 42 37 33 29 27 28 34 45 -1 -1 -1 -1 -1 -1 -1 -1 -1 -1 -1 -1 51 56 65 62 27 22 22 22 22 22 21 18 17 17 17 17 17 17 17 17 17 17 17 17 17 17 17 17 17 17 17 16 15 15 23 55 84 56 -1 -1 -1 -1 -1 -1 -1 -1 -1 -1 -1 -1 -1 -1 -1 -1 -1 -1 -1 -1 -1 -1 -1
-1 -1 -1 -1 -1 -1 -1 -1 59 72 33 33 33 31 31 27 26 25 24 24 24 24 24 24 24 24 24 24 24 24 24 24 24 24 24 24 24 24 24 24 24 24 24 24 25 26 28 29 30 30 30 30 30 31 31 31 33 33 35 37 37 38 38 38 38 -1 50 49 49 48 48 47 46 46 46 46 45 43 39 33 29 27 27 33 44 -1 -1 -1 -1 -1 -1 -1 -1 -1 -1 -1 -1 55 71 78 56 24 22 22 22 22 22 18 17 17 17 17 17 17 17 17 17 17 17 17 17 17 17 17 17 17 17 16 15 15 15 15 36 82 62 -1 -1 -1 -1 -1 -1 -1 -1 -1 -1 -1 -1 -1 -1 -1 -1 -1 -1 -1 -1 -1 -1 -1
-1 -1 -1 -1 -1 -1 -1 -1 52 75 33 33 33 31 31 30 26 25 24 24 24 24 24 24 24 24 24 24 24 24 24 24 24 24 24 24 24 24 24 24 24 24 24 24 25 26 28 29 30 30 30 30 30 31 31 32 33 33 35 37 37 38 38 38 44 -1 50 50 49 48 48 48 47 46 46 46 45 44 40 35 29 27 27 31 43 -1 -1 -1 -1 -1 -1 -1 -1 -1 -1 -1 52 63 78 65 29 22 22 22 22 22 21 18 17 17 17 17 17 17 17 17 17 17 17 17 17 17 17 17 17 17 16 16 15 15 15 15 29 76 69 -1 -1 -1 -1 -1 -1 -1 -1 -1 -1 -1 -1 -1 -1 -1 -1 -1 -1 -1 -1 -1 -1 -1
-1 -1 -1 -1 -1 -1 -1 -1 -1 75 33 33 33 33 31 31 27 26 25 24 24 24 24 24 24 24 24 24 24 24 24 24 24 24 24 24 24 24 24 24 24 24 24 24 25 26 28 29 30 30 30 30 31 31 31 32 33 35 36 37 38 38 38 38 -1 -1 -1 50 50 49 48 48 47 46 46 46 45 44 41 36 31 27 27 31 42 -1 -1 -1 -1 -1 -1 -1 -1 -1 -1 50 56 72 70 35 22 22 22 22 22 22 18 17 17 17 17 17 17 17 17 17 17 17 17 17 17 17 17 17 17 16 16 15 15 15 15 14 26 71 74 -1 -1 -1 -1 -1 -1 -1 -1 -1 -1 -1 -1 -1 -1 -1 -1 -1 -1 -1 -1 -1 -1 -1
-1 -1 -1 -1 -1 -1 -1 -1 -1 75 33 33 33 33 31 31 30 26 25 24 24 24 24 24 24 24 24 24 24 24 24 24 24 24 24 24 24 24 24 24 24 24 24 24 25 26 28 29 30 30 30 30 31 31 31 33 33 35 37 37 38 38 38 -1 -1 -1 -1 -1 50 49 48 48 48 47 46 46 46 45 41 36 32 28 26 29 41 -1 -1 -1 -1 -1 -1 -1 -1 -1 -1 53 68 79 55 24 22 22 22 22 22 21 18 17 17 17 17 17 17 17 17 17 17 17 17 17 17 17 17 17 17 16 15 15 15 15 14 13 25 66 80 -1 -1 -1 -1 -1 -1 -1 -1 -1 -1 -1 -1 -1 -1 -1 -1 -1 -1 -1 -1 -1 -1 -1
-1 -1 -1 -1 -1 -1 -1 -1 -1 75 33 33 33 33 32 31 31 27 26 25 24 24 24 24 24 24 24 24 24 24 24 24 24 24 24 24 24 24 24 24 24 24 24 24 25 26 28 30 30 30 30 30 31 31 32 33 35 36 37 38 38 38 40 -1 -1 -1 -1 -1 50 50 49 48 48 47 46 46 46 46 43 38 33 29 26 29 39 49 -1 -1 -1 -1 -1 -1 -1 -1 -1 55 74 68 31 22 22 22 22 22 22 19 17 17 17 17 17 17 17 17 17 17 17 17 17 17 17 17 17 17 16 15 15 15 15 14 14 13 22 63 83 -1 -1 -1 -1 -1 -1 -1 -1 -1 -1 -1 -1 -1 -1 -1 -1 -1 -1 -1 -1 -1 -1 -1
-1 -1 -1 -1 -1 -1 -1 -1 -1 75 33 33 33 33 33 31 31 29 26 25 24 24 24 24 24 24 24 24 24 24 24 24 24 24 24 24 24 24 24 24 24 24 24 24 25 26 28 30 30 30 30 30 31 31 33 33 35 37 37 38 38 38 -1 -1 -1 -1 -1 -1 -1 50 49 49 48 47 47 46 46 46 44 40 34 29 27 29 49 65 57 -1 -1 -1 -1 -1 -1 -1 52 65 80 49 22 22 22 22 22 22 21 18 17 17 17 17 17 17 17 17 17 17 17 17 17 17 17 17 17 16 15 15 15 15 14 14 13 11 20 62 89 53 -1 -1 -1 -1 -1 -1 -1 -1 -1 -1 -1 -1 -1 -1 -1 -1 -1 -1 -1 -1 -1 -1
-1 -1 -1 -1 -1 -1 -1 -1 -1 75 33 33 33 33 33 32 31 31 27 26 24 24 24 24 24 24 24 24 24 24 24 24 24 24 24 24 24 24 24 24 24 24 24 24 25 26 29 30 30 30 30 31 31 31 33 33 36 37 38 38 38 44 -1 -1 -1 -1 -1 -1 -1 -1 50 49 48 48 47 46 46 46 44 40 35 29 27 32 59 75 75 63 -1 -1 -1 -1 -1 51 60 79 70 30 22 22 22 22 22 22 20 17 17 17 17 17 17 17 17 17 17 17 17 17 17 17 17 17 16 15 15 15 15 14 14 13 11 11 14 47 90 58 -1 -1 -1 -1 -1 -1 -1 -1 -1 -1 -1 -1 -1 -1 -1 -1 -1 -1 -1 -1 -1 -1
-1 -1 -1 -1 -1 -1 -1 -1 -1 75 40 33 33 33 33 33 31 31 29 26 25 24 24 24 24 24 24 24 24 24 24 24 24 24 24 24 24 24 24 24 24 24 24 24 25 26 29 30 30 30 30 31 31 32 33 35 37 37 38 38 38 -1 -1 -1 -1 -1 -1 -1 -1 -1 -1 50 49 48 47 46 46 46 45 41 36 29 27 26 31 53 71 80 69 52 -1 -1 -1 53 72 77 42 22 22 22 22 22 22 21 18 17 17 17 17 17 17 17 17 17 17 17 17 17 17 17 17 16 15 15 15 15 14 14 13 11 11 9 8 20 89 68 -1 -1 -1 -1 -1 -1 -1 -1 -1 -1 -1 -1 -1 -1 -1 -1 -1 -1 -1 -1 -1 -1
-1 -1 -1 -1 -1 -1 -1 -1 -1 64 75 33 33 33 33 33 31 31 31 27 25 24 24 24 24 24 24 24 24 24 24 24 24 24 24 24 24 24 24 24 24 24 24 24 25 26 29 30 30 30 30 31 31 33 33 35 37 38 38 38 -1 -1 -1 -1 -1 -1 -1 -1 -1 -1 -1 50 49 48 48 47 46 46 46 43 36 30 27 26 25 24 34 67 82 75 64 -1 51 65 82 63 27 22 22 22 22 22 22 21 17 17 17 17 17 17 17 17 17 17 17 17 17 17 17 17 16 15 15 15 15 14 14 13 11 11 9 6 5 15 83 73 -1 -1 -1 -1 -1 -1 -1 -1 -1 -1 -1 -1 -1 -1 -1 -1 -1 -1 -1 -1 -1 -1
-1 -1 -1 -1 -1 -1 -1 -1 -1 59 73 35 33 33 33 33 32 31 31 29 26 25 24 24 24 24 24 24 24 24 24 24 24 24 24 24 24 24 24 24 24 24 24 24 25 26 29 30 30 30 30 31 31 33 35 37 37 38 38 42 -1 -1 -1 -1 -1 -1 -1 -1 -1 -1 -1 -1 50 49 48 47 46 46 46 44 38 31 27 26 25 24 22 28 57 71 83 71 66 80 73 33 22 22 22 22 22 22 22 18 17 17 17 17 17 17 17 17 17 17 17 17 17 17 17 16 15 15 15 15 14 13 13 11 11 9 6 5 4 12 75 79 -1 -1 -1 -1 -1 -1 -1 -1 -1 -1 -1 -1 -1 -1 -1 -1 -1 -1 -1 -1 -1 -1
-1 -1 -1 -1 -1 -1 -1 -1 -1 55 73 35 33 33 33 33 33 31 31 30 26 25 24 24 24 24 24 24 24 24 24 24 24 24 24 24 24 24 24 24 24 24 24 24 25 26 29 30 30 30 31 31 32 33 35 37 38 38 38 -1 -1 -1 -1 -1 -1 -1 -1 -1 -1 -1 -1 -1 50 49 49 48 47 46 46 45 40 33 27 26 25 24 22 22 24 35 64 82 84 78 45 22 22 22 22 22 22 22 21 18 17 17 17 17 17 17 17 17 17 17 17 17 17 17 16 15 15 15 15 14 13 13 11 11 9 6 4 4 4 11 67 86 -1 -1 -1 -1 -1 -1 -1 -1 -1 -1 -1 -1 -1 -1 -1 -1 -1 -1 -1 -1 -1 -1
-1 -1 -1 -1 -1 -1 -1 -1 -1 -1 75 35 35 33 33 33 33 32 31 31 29 26 25 24 24 24 24 24 24 24 24 24 24 24 24 24 24 24 24 24 24 24 24 24 25 26 29 30 30 30 31 31 33 33 37 37 38 38 44 -1 -1 -1 -1 -1 -1 -1 -1 -1 -1 -1 -1 -1 -1 50 49 48 47 46 46 45 41 34 27 26 25 24 22 22 22 22 26 53 56 45 27 22 22 22 22 22 22 22 19 17 17 17 17 17 17 17 17 17 17 17 17 17 17 16 15 15 15 15 14 13 13 11 11 8 6 4 4 4 4 9 63 91 -1 -1 -1 -1 -1 -1 -1 -1 -1 -1 -1 -1 -1 -1 -1 -1 -1 -1 -1 -1 -1 -1
-1 -1 -1 -1 -1 -1 -1 -1 -1 -1 75 35 35 33 33 33 33 33 31 31 30 27 25 24 24 24 24 24 24 24 24 24 24 24 24 24 24 24 24 24 24 24 24 24 25 28 29 30 30 30 31 31 33 35 37 38 38 38 -1 -1 -1 -1 -1 -1 -1 -1 -1 -1 -1 -1 -1 -1 -1 50 49 49 48 47 46 46 42 35 29 26 25 24 22 22 22 22 22 22 22 22 22 22 22 22 22 22 22 21 18 17 17 17 17 17 17 17 17 17 17 17 17 17 16 16 15 15 15 14 13 11 11 10 8 5 4 4 4 4 4 7 57 92 -1 -1 -1 -1 -1 -1 -1 -1 -1 -1 -1 -1 -1 -1 -1 -1 -1 -1 -1 -1 -1 -1
-1 -1 -1 -1 -1 -1 -1 -1 -1 -1 75 41 35 35 33 33 33 33 32 31 31 29 26 24 24 24 24 24 24 24 24 24 24 24 24 24 24 24 24 24 24 24 24 24 25 28 29 30 30 30 31 32 33 37 37 38 38 -1 -1 -1 -1 -1 -1 -1 -1 -1 -1 -1 -1 -1 -1 -1 -1 -1 50 49 48 47 46 46 44 36 29 26 25 24 22 22 22 22 22 22 22 22 22 22 22 22 22 22 22 20 17 17 17 17 17 17 17 17 17 17 17 17 17 16 16 15 15 15 14 13 11 11 10 7 5 4 4 4 4 4 3 4 28 92 57 -1 -1 -1 -1 -1 -1 -1 -1 -1 -1 -1 -1 -1 -1 -1 -1 -1 -1 -1 -1 -1
-1 -1 -1 -1 -1 -1 -1 -1 -1 -1 75 41 35 35 33 33 33 33 33 31 31 30 27 25 24 24 24 24 24 24 24 24 24 24 24 24 24 24 24 24 24 24 24 24 25 28 29 30 30 31 31 33 35 37 38 38 44 -1 -1 -1 -1 -1 -1 -1 -1 -1 -1 -1 -1 -1 -1 -1 -1 -1 -1 50 49 48 47 46 45 39 30 26 25 24 22 22 22 22 22 22 22 22 22 22 22 22 22 22 21 18 17 17 17 17 17 17 17 17 17 17 17 17 17 16 15 15 15 14 13 11 11 9 6 5 4 4 4 4 4 3 3 3 14 92 62 -1 -1 -1 -1 -1 -1 -1 -1 -1 -1 -1 -1 -1 -1 -1 -1 -1 -1 -1 -1 -1
-1 -1 -1 -1 -1 -1 -1 -1 -1 -1 75 41 35 35 35 33 33 33 33 31 31 31 29 26 24 24 24 24 24 24 24 24 24 24 24 24 24 24 24 24 24 24 24 24 25 28 30 30 30 31 32 33 37 37 38 38 -1 -1 -1 -1 -1 -1 -1 -1 -1 -1 -1 -1 -1 -1 -1 -1 -1 -1 -1 50 49 48 47 46 46 41 31 27 25 24 22 22 22 22 22 22 22 22 22 22 22 22 22 22 20 17 17 17 17 17 17 17 17 17 17 17 17 17 16 15 15 15 14 13 11 11 9 7 4 4 4 4 4 3 3 3 3 3 7 89 75 -1 -1 -1 -1 -1 -1 -1 -1 -1 -1 -1 -1 -1 -1 -1 -1 -1 -1 -1 -1 -1
-1 -1 -1 -1 -1 -1 -1 -1 -1 -1 75 42 35 35 35 33 33 33 33 32 31 31 30 27 25 24 24 24 24 24 24 24 24 24 24 24 24 24 24 24 24 24 24 24 25 28 30 30 30 31 33 35 37 38 38 48 -1 -1 -1 -1 -1 -1 -1 -1 -1 -1 -1 -1 -1 -1 -1 -1 -1 -1 -1 -1 50 49 47 47 46 42 32 27 26 24 22 22 22 22 22 22 22 22 22 22 22 22 22 22 18 17 17 17 17 17 17 17 17 17 17 17 17 16 15 15 15 14 13 11 11 8 7 4 4 4 4 4 3 3 3 3 3 3 3 77 80 -1 -1 -1 -1 -1 -1 -1 -1 -1 -1 -1 -1 -1 -1 -1 -1 -1 -1 -1 -1 -1
-1 -1 -1 -1 -1 -1 -1 -1 -1 -1 47 75 35 35 35 35 33 33 33 33 31 31 30 29 25 24 24 24 24 24 24 24 24 24 24 24 24 24 24 24 24 24 24 24 25 28 30 30 30 31 33 37 37 38 38 -1 -1 -1 -1 -1 -1 -1 -1 -1 -1 -1 -1 -1 -1 -1 -1 -1 -1 -1 -1 -1 -1 49 49 47 46 44 34 27 26 24 22 22 22 22 22 22 22 22 22 22 22 22 22 20 17 17 17 17 17 17 17 17 17 17 17 17 16 16 15 15 14 13 12 11 8 7 5 4 4 4 4 3 3 3 3 3 3 2 1 66 88 50 -1 -1 -1 -1 -1 -1 -1 -1 -1 -1 -1 -1 -1 -1 -1 -1 -1 -1 -1 -1
-1 -1 -1 -1 -1 -1 -1 -1 -1 -1 59 70 36 35 35 35 33 33 33 33 32 31 31 30 27 24 24 24 24 24 24 24 24 24 24 24 24 24 24 24 24 24 24 24 25 28 30 30 31 32 33 37 38 38 -1 -1 -1 -1 -1 -1 -1 -1 -1 -1 -1 -1 -1 -1 -1 -1 -1 -1 -1 -1 -1 -1 -1 -1 49 47 46 45 37 27 26 24 22 22 22 22 22 22 22 22 22 22 22 22 22 18 17 17 17 17 17 17 17 17 17 17 17 16 16 15 15 14 13 11 10 7 6 5 4 4 4 3 3 3 3 3 3 2 2 0 0 66 92 52 -1 -1 -1 -1 -1 -1 -1 -1 -1 -1 -1 -1 -1 -1 -1 -1 -1 -1 -1 -1
-1 -1 -1 -1 -1 -1 -1 -1 -1 -1 -1 75 42 35 35 35 35 33 33 33 33 31 31 30 29 25 24 24 24 24 24 24 24 24 24 24 24 24 24 24 24 24 24 24 25 28 30 30 31 33 37 37 38 44 -1 -1 -1 -1 -1 -1 -1 -1 -1 -1 -1 -1 -1 -1 -1 -1 -1 -1 -1 -1 -1 -1 -1 -1 50 49 47 46 38 29 26 24 22 22 22 22 22 22 22 22 22 22 22 22 21 17 17 17 17 17 17 17 17 17 17 17 16 16 15 15 14 13 11 10 7 5 4 4 4 4 3 3 3 3 3 3 2 0 0 0 0 60 92 56 -1 -1 -1 -1 -1 -1 -1 -1 -1 -1 -1 -1 -1 -1 -1 -1 -1 -1 -1 -1
-1 -1 -1 -1 -1 -1 -1 -1 -1 -1 -1 75 36 36 35 35 35 33 33 33 33 32 31 31 30 27 24 24 24 24 24 24 24 24 24 24 24 24 24 24 24 24 24 24 24 29 30 30 31 33 37 38 38 -1 -1 -1 -1 -1 -1 -1 -1 -1 -1 -1 -1 -1 -1 -1 -1 -1 -1 -1 -1 -1 -1 -1 -1 -1 -1 49 47 46 42 29 26 24 22 22 22 22 22 22 22 22 22 22 22 22 19 17 17 17 17 17 17 17 17 17 17 16 16 15 15 14 13 11 10 7 5 4 4 4 4 3 3 3 3 3 2 2 0 0 0 0 0 33 92 58 -1 -1 -1 -1 -1 -1 -1 -1 -1 -1 -1 -1 -1 -1 -1 -1 -1 -1 -1 -1
-1 -1 -1 -1 -1 -1 -1 -1 -1 -1 -1 75 37 36 36 35 35 35 33 33 33 33 31 31 30 29 25 24 24 24 24 24 24 24 24 24 24 24 24 24 24 24 24 24 24 29 30 30 32 36 37 38 49 -1 -1 -1 -1 -1 -1 -1 -1 -1 -1 -1 -1 -1 -1 -1 -1 -1 -1 -1 -1 -1 -1 -1 -1 -1 -1 50 49 47 44 32 26 24 22 22 22 22 22 22 22 22 22 22 22 22 17 17 17 17 17 17 17 17 17 17 16 16 15 15 13 13 11 9 7 5 4 4 4 3 3 3 3 3 2 2 0 0 0 0 0 0 0 16 89 70 -1 -1 -1 -1 -1 -1 -1 -1 -1 -1 -1 -1 -1 -1 -1 -1 -1 -1 -1 -1
-1 -1 -1 -1 -1 -1 -1 -1 -1 -1 -1 75 37 36 36 35 35 35 33 33 33 33 31 31 30 30 27 24 24 24 24 24 24 24 24 24 24 24 24 24 24 24 24 24 24 29 30 31 33 37 38 38 -1 -1 -1 -1 -1 -1 -1 -1 -1 -1 -1 -1 -1 -1 -1 -1 -1 -1 -1 -1 -1 -1 -1 -1 -1 -1 -1 -1 49 48 46 35 27 24 22 22 22 22 22 22 22 22 22 22 22 19 17 17 17 17 17 17 17 17 17 16 16 15 15 13 13 11 8 7 5 4 4 4 3 3 3 3 3 2 0 0 0 0 0 0 0 0 0 0 85 83 50 -1 -1 -1 -1 -1 -1 -1 -1 -1 -1 -1 -1 -1 -1 -1 -1 -1 -1 -1
-1 -1 -1 -1 -1 -1 -1 -1 -1 -1 -1 75 55 37 36 36 35 35 35 33 33 33 32 31 31 30 29 25 24 24 24 24 24 24 24 24 24 24 24 24 24 24 24 24 24 29 30 31 35 38 38 -1 -1 -1 -1 -1 -1 -1 -1 -1 -1 -1 -1 -1 -1 -1 -1 -1 -1 -1 -1 -1 -1 -1 -1 -1 -1 -1 -1 -1 -1 49 47 37 27 24 22 22 22 22 22 22 22 22 22 22 22 18 17 17 17 17 17 17 17 17 16 16 15 15 13 13 11 8 6 4 4 4 4 3 3 3 3 2 2 0 0 0 0 0 0 0 0 0 0 0 78 84 51 -1 -1 -1 -1 -1 -1 -1 -1 -1 -1 -1 -1 -1 -1 -1 -1 -1 -1 -1
-1 -1 -1 -1 -1 -1 -1 -1 -1 -1 -1 -1 75 37 37 36 35 35 35 33 33 33 33 31 31 30 30 27 24 24 24 24 24 24 24 24 24 24 24 24 24 24 24 24 24 29 30 32 37 38 44 -1 -1 -1 -1 -1 -1 -1 -1 -1 -1 -1 -1 -1 -1 -1 -1 -1 -1 -1 -1 -1 -1 -1 -1 -1 -1 -1 -1 -1 -1 50 48 37 27 24 22 22 22 22 22 22 22 22 22 22 20 17 17 17 17 17 17 17 17 16 16 15 15 13 13 11 8 5 4 4 4 3 3 3 3 3 2 0 0 0 0 0 0 0 0 0 0 0 0 0 69 90 54 -1 -1 -1 -1 -1 -1 -1 -1 -1 -1 -1 -1 -1 -1 -1 -1 -1 -1 -1
-1 -1 -1 -1 -1 -1 -1 -1 -1 -1 -1 -1 71 38 37 36 36 35 35 35 33 33 33 32 31 31 30 29 24 24 24 24 24 24 24 24 24 24 24 24 24 24 24 24 24 30 30 33 38 38 -1 -1 -1 -1 -1 -1 -1 -1 -1 -1 -1 -1 -1 -1 -1 -1 -1 -1 -1 -1 -1 -1 -1 -1 -1 -1 -1 -1 -1 -1 -1 -1 49 41 28 24 22 22 22 22 22 22 22 22 22 22 18 17 17 17 17 17 17 17 17 16 15 15 13 11 11 8 5 4 4 4 3 3 3 3 2 1 0 0 0 0 0 0 0 0 0 0 0 0 0 0 60 93 56 -1 -1 -1 -1 -1 -1 -1 -1 -1 -1 -1 -1 -1 -1 -1 -1 -1 -1 -1
-1 -1 -1 -1 -1 -1 -1 -1 -1 -1 -1 -1 64 55 38 37 36 35 35 35 33 33 33 33 31 31 30 30 26 24 24 24 24 24 24 24 24 24 24 24 24 24 24 24 24 30 31 37 38 -1 -1 -1 -1 -1 -1 -1 -1 -1 -1 -1 -1 -1 -1 -1 -1 -1 -1 -1 -1 -1 -1 -1 -1 -1 -1 -1 -1 -1 -1 -1 -1 -1 50 47 32 24 22 22 22 22 22 22 22 22 22 21 17 17 17 17 17 17 17 17 16 16 15 13 11 10 7 5 4 4 3 3 3 3 2 2 0 0 0 0 0 0 0 0 0 0 0 0 0 0 0 0 42 93 58 -1 -1 -1 -1 -1 -1 -1 -1 -1 -1 -1 -1 -1 -1 -1 -1 -1 -1 -1
-1 -1 -1 -1 -1 -1 -1 -1 -1 -1 -1 -1 -1 49 38 37 36 36 35 35 35 33 33 33 31 31 30 30 29 24 24 24 24 24 24 24 24 24 24 24 24 24 24 24 24 30 33 38 38 -1 -1 -1 -1 -1 -1 -1 -1 -1 -1 -1 -1 -1 -1 -1 -1 -1 -1 -1 -1 -1 -1 -1 -1 -1 -1 -1 -1 -1 -1 -1 -1 -1 -1 49 38 24 22 22 22 22 22 22 22 22 22 18 17 17 17 17 17 17 17 17 16 15 13 11 9 7 5 4 4 3 3 3 3 2 0 0 0 0 0 0 0 0 0 0 0 0 0 0 0 0 0 0 21 91 65 50 -1 -1 -1 -1 -1 -1 -1 -1 -1 -1 -1 -1 -1 -1 -1 -1 -1 -1
-1 -1 -1 -1 -1 -1 -1 -1 -1 -1 -1 -1 -1 48 38 38 37 36 36 35 35 33 33 33 32 31 31 30 30 26 24 24 24 24 24 24 24 24 24 24 24 24 24 24 24 30 37 38 -1 -1 -1 -1 -1 -1 -1 -1 -1 -1 -1 -1 -1 -1 -1 -1 -1 -1 -1 -1 -1 -1 -1 -1 -1 -1 -1 -1 -1 -1 -1 -1 -1 -1 -1 50 47 33 22 22 22 22 22 22 22 22 21 17 17 17 17 17 17 17 17 16 15 13 11 9 6 4 4 4 3 3 3 2 2 0 0 0 0 0 0 0 0 0 0 0 0 0 0 0 0 0 0 0 0 86 78 50 -1 -1 -1 -1 -1 -1 -1 -1 -1 -1 -1 -1 -1 -1 -1 -1 -1 -1
-1 -1 -1 -1 -1 -1 -1 -1 -1 -1 -1 -1 -1 -1 44 38 38 37 36 35 35 35 33 33 33 31 31 30 30 30 24 24 24 24 24 24 24 24 24 24 24 24 24 24 24 35 38 44 -1 -1 -1 -1 -1 -1 -1 -1 -1 -1 -1 -1 -1 -1 -1 -1 -1 -1 -1 -1 -1 -1 -1 -1 -1 -1 -1 -1 -1 -1 -1 -1 -1 -1 -1 50 52 42 22 22 22 22 22 22 22 22 19 17 17 17 17 17 17 17 16 15 13 11 9 5 4 4 3 3 3 2 2 0 0 0 0 0 0 0 0 0 0 0 0 0 0 0 0 0 0 0 0 0 0 76 86 51 -1 -1 -1 -1 -1 -1 -1 -1 -1 -1 -1 -1 -1 -1 -1 -1 -1 -1
-1 -1 -1 -1 -1 -1 -1 -1 -1 -1 -1 -1 -1 -1 -1 38 38 37 36 36 35 35 33 33 33 32 31 31 30 30 26 24 24 24 24 24 24 24 24 24 24 24 24 24 30 45 49 -1 -1 -1 -1 -1 -1 -1 -1 -1 -1 -1 -1 -1 -1 -1 -1 -1 -1 -1 -1 -1 -1 -1 -1 -1 -1 -1 -1 -1 -1 -1 -1 -1 -1 -1 -1 -1 55 46 22 22 22 22 22 22 22 21 17 17 17 17 17 17 17 16 15 13 11 8 5 4 4 3 3 3 2 0 0 0 0 0 0 0 0 0 0 0 0 0 0 0 0 0 0 0 0 0 0 0 0 64 90 53 -1 -1 -1 -1 -1 -1 -1 -1 -1 -1 -1 -1 -1 -1 -1 -1 -1 -1
-1 -1 -1 -1 -1 -1 -1 -1 -1 -1 -1 -1 -1 -1 -1 48 38 38 37 36 35 35 35 33 33 33 31 31 30 30 30 25 24 24 24 24 24 24 24 24 24 24 24 24 35 55 51 -1 -1 -1 -1 -1 -1 -1 -1 -1 -1 -1 -1 -1 -1 -1 -1 -1 -1 -1 -1 -1 -1 -1 -1 -1 -1 -1 -1 -1 -1 -1 -1 -1 -1 -1 -1 -1 55 47 23 22 22 22 22 22 22 19 17 17 17 17 17 17 16 15 13 11 7 5 4 4 3 3 2 2 0 0 0 0 0 0 0 0 0 0 0 0 0 0 0 0 0 0 0 0 0 0 0 0 0 63 91 56 -1 -1 -1 -1 -1 -1 -1 -1 -1 -1 -1 -1 -1 -1 -1 -1 -1 -1
-1 -1 -1 -1 -1 -1 -1 -1 -1 -1 -1 -1 -1 -1 -1 -1 38 38 38 36 36 35 35 33 33 33 32 31 30 30 30 25 24 24 24 24 24 24 24 24 24 24 24 24 59 74 -1 -1 -1 -1 -1 -1 -1 -1 -1 -1 -1 -1 -1 -1 -1 -1 -1 -1 -1 -1 -1 -1 -1 -1 -1 -1 -1 -1 -1 -1 -1 -1 -1 -1 -1 -1 -1 -1 55 50 24 22 22 22 22 22 22 18 17 17 17 17 17 16 15 13 10 7 5 4 3 3 3 2 0 0 0 0 0 0 0 0 0 0 0 0 0 0 0 0 0 0 0 0 0 0 0 0 0 0 0 36 93 59 -1 -1 -1 -1 -1 -1 -1 -1 -1 -1 -1 -1 -1 -1 -1 -1 -1 -1
-1 -1 -1 -1 -1 -1 -1 -1 -1 -1 -1 -1 -1 -1 -1 -1 -1 38 38 37 36 35 35 35 33 33 33 31 31 30 30 30 25 24 24 24 24 24 24 24 24 24 24 24 62 75 -1 -1 -1 -1 -1 -1 -1 -1 -1 -1 -1 -1 -1 -1 -1 -1 -1 -1 -1 -1 -1 -1 -1 -1 -1 -1 -1 -1 -1 -1 -1 -1 -1 -1 -1 -1 -1 -1 54 55 29 22 22 22 22 22 20 17 17 17 17 17 16 15 13 10 6 4 4 3 3 3 0 0 0 0 0 0 0 0 0 0 0 0 0 0 0 0 0 0 0 0 0 0 0 0 0 0 0 0 0 16 93 63 56 58 58 57 52 -1 -1 -1 -1 -1 -1 -1 -1 -1 -1 -1 -1 -1
-1 -1 -1 -1 -1 -1 -1 -1 -1 -1 -1 -1 -1 -1 -1 -1 -1 49 38 38 37 36 35 35 33 33 33 31 31 30 30 30 25 24 24 24 24 24 24 24 24 24 24 24 75 75 -1 -1 -1 -1 -1 -1 -1 -1 -1 -1 -1 -1 -1 -1 -1 -1 -1 -1 -1 -1 -1 -1 -1 -1 -1 -1 -1 -1 -1 -1 -1 -1 -1 -1 -1 -1 -1 -1 53 62 38 22 22 22 22 22 18 17 17 17 17 16 15 13 10 5 4 3 3 3 2 0 0 0 0 0 0 0 0 0 0 0 0 0 0 0 0 0 0 0 0 0 0 0 0 0 0 0 0 0 0 0 92 75 70 75 81 82 58 -1 -1 -1 -1 -1 -1 -1 -1 -1 -1 -1 -1 -1
-1 -1 -1 -1 -1 -1 -1 -1 -1 -1 -1 -1 -1 -1 -1 -1 -1 -1 39 38 37 36 36 35 35 33 33 32 31 31 30 30 29 25 24 24 24 24 24 24 24 24 24 24 75 75 -1 -1 -1 -1 -1 -1 -1 -1 -1 -1 -1 -1 -1 -1 -1 -1 -1 -1 -1 -1 -1 -1 -1 -1 -1 -1 -1 -1 -1 -1 -1 -1 -1 -1 -1 -1 -1 -1 50 65 44 22 22 22 22 21 17 17 17 17 16 15 13 9 5 4 3 3 3 0 0 0 0 0 0 0 0 0 0 0 0 0 0 0 0 0 0 0 0 0 0 0 0 0 0 0 0 0 0 0 0 0 90 85 83 87 86 85 55 49 55 58 53 -1 -1 -1 -1 -1 -1 -1 -1 -1
-1 -1 -1 -1 -1 -1 -1 -1 -1 -1 -1 -1 -1 -1 -1 -1 -1 -1 -1 38 38 37 36 35 35 33 33 33 31 31 30 30 30 25 24 24 24 24 24 24 24 24 24 24 75 75 57 -1 -1 -1 -1 -1 -1 -1 -1 -1 -1 -1 -1 -1 -1 -1 -1 -1 -1 -1 -1 -1 -1 -1 -1 -1 -1 -1 -1 -1 -1 -1 -1 -1 -1 -1 -1 -1 50 60 51 22 22 22 22 19 17 17 17 17 15 13 9 5 4 3 3 1 0 0 0 0 0 0 0 0 0 0 0 0 0 0 0 0 0 0 0 0 0 0 0 0 0 0 0 0 0 0 0 0 0 0 39 53 56 67 72 49 38 35 58 74 66 61 54 -1 -1 -1 -1 -1 -1 -1
-1 -1 -1 -1 -1 -1 -1 -1 -1 -1 -1 -1 -1 -1 -1 -1 -1 -1 -1 -1 38 38 37 36 35 35 33 33 32 31 31 30 30 27 25 24 24 24 24 24 24 24 24 24 73 60 75 -1 -1 -1 -1 -1 -1 -1 -1 -1 -1 -1 -1 -1 -1 -1 -1 -1 -1 -1 -1 -1 -1 -1 -1 -1 -1 -1 -1 -1 -1 -1 -1 -1 -1 -1 -1 -1 50 56 57 22 22 22 21 17 17 17 17 15 11 8 5 3 3 1 0 0 0 0 0 0 0 0 0 0 0 0 0 0 0 0 0 0 0 0 0 0 0 0 0 0 0 0 0 0 0 0 0 0 0 0 81 82 50 46 36 21 6 0 33 82 88 76 57 -1 -1 -1 -1 -1 -1 -1
-1 -1 -1 -1 -1 -1 -1 -1 -1 -1 -1 -1 -1 -1 -1 -1 -1 -1 -1 -1 40 38 37 36 35 35 33 33 33 31 31 30 30 30 25 24 24 24 24 24 24 24 24 24 64 53 75 -1 -1 -1 -1 -1 -1 -1 -1 -1 -1 -1 -1 -1 -1 -1 -1 -1 -1 -1 -1 -1 -1 -1 -1 -1 -1 -1 -1 -1 -1 -1 -1 -1 -1 -1 -1 -1 -1 59 60 22 22 22 19 17 17 17 15 11 6 4 3 3 0 0 0 0 0 0 0 0 0 0 0 0 0 0 0 0 0 0 0 0 0 0 0 0 0 0 0 0 0 0 0 0 0 0 0 0 0 0 56 85 45 0 0 0 0 0 0 19 71 79 65 -1 -1 -1 -1 -1 -1 -1
-1 -1 -1 -1 -1 -1 -1 -1 -1 -1 -1 -1 -1 -1 -1 -1 -1 -1 -1 -1 -1 38 38 37 36 35 35 33 33 32 31 30 30 30 27 25 24 24 24 24 24 24 24 24 62 57 75 -1 -1 -1 -1 -1 -1 -1 -1 -1 -1 -1 -1 -1 -1 -1 -1 -1 -1 -1 -1 -1 -1 -1 -1 -1 -1 -1 -1 -1 -1 -1 -1 -1 -1 -1 -1 -1 -1 59 63 22 22 22 17 17 17 15 11 5 4 3 1 0 0 0 0 0 0 0 0 0 0 0 0 0 0 0 0 0 0 0 0 0 0 0 0 0 0 0 0 0 0 0 0 0 0 0 0 0 0 0 10 46 0 0 0 0 0 0 7 16 30 58 60 -1 -1 -1 -1 -1 -1 -1
-1 -1 -1 -1 -1 -1 -1 -1 -1 -1 -1 -1 -1 -1 -1 -1 -1 -1 -1 -1 -1 -1 38 38 36 35 35 33 33 32 31 31 30 30 30 25 24 24 24 24 24 24 24 24 51 69 75 -1 -1 -1 -1 -1 -1 -1 -1 -1 -1 -1 -1 -1 -1 -1 -1 -1 -1 -1 -1 -1 -1 -1 -1 -1 -1 -1 -1 -1 -1 -1 -1 -1 -1 -1 -1 -1 -1 60 65 23 22 19 17 17 15 11 5 3 1 0 0 0 0 0 0 0 0 0 0 0 0 0 0 0 0 0 0 0 0 0 0 0 0 0 0 0 0 0 0 0 0 0 0 0 0 0 0 0 0 0 0 0 0 0 5 20 31 41 44 48 49 -1 -1 -1 -1 -1 -1 -1 -1 -1
-1 -1 -1 -1 -1 -1 -1 -1 -1 -1 -1 -1 -1 -1 -1 -1 -1 -1 -1 -1 -1 -1 47 38 37 36 35 35 33 33 31 31 30 30 30 27 25 24 24 24 24 24 24 24 35 75 75 -1 -1 -1 -1 -1 -1 -1 -1 -1 -1 -1 -1 -1 -1 -1 -1 -1 -1 -1 -1 -1 -1 -1 -1 -1 -1 -1 -1 -1 -1 -1 -1 -1 -1 -1 -1 -1 -1 59 70 27 22 18 17 15 11 5 3 1 0 0 0 0 0 0 0 0 0 0 0 0 0 0 0 0 0 0 0 0 0 0 0 0 0 0 0 0 0 0 0 0 0 0 0 0 0 0 0 0 0 0 6 93 53 46 -1 -1 -1 -1 -1 -1 -1 -1 -1 -1 -1 -1 -1 -1 -1 -1
-1 -1 -1 -1 -1 -1 -1 -1 -1 -1 -1 -1 -1 -1 -1 -1 -1 -1 -1 -1 -1 -1 -1 38 38 37 36 35 33 33 32 31 31 30 30 30 25 24 24 24 24 24 24 24 24 75 75 -1 -1 -1 -1 -1 -1 -1 -1 -1 -1 -1 -1 -1 -1 -1 -1 -1 -1 -1 -1 -1 -1 -1 -1 -1 -1 -1 -1 -1 -1 -1 -1 -1 -1 -1 -1 -1 -1 57 72 41 20 18 15 9 4 1 0 0 0 0 0 0 0 0 0 0 0 0 0 0 0 0 0 0 0 0 0 0 0 0 0 0 0 0 0 0 0 0 0 0 0 0 0 0 0 0 0 0 0 0 17 94 82 -1 -1 -1 -1 -1 -1 -1 -1 -1 -1 -1 -1 -1 -1 -1 -1 -1
-1 -1 -1 -1 -1 -1 -1 -1 -1 -1 -1 -1 -1 -1 -1 -1 -1 -1 -1 -1 -1 -1 -1 -1 38 38 36 35 35 33 33 31 31 30 30 30 27 25 24 24 24 24 24 24 24 75 75 -1 -1 -1 -1 -1 -1 -1 -1 -1 -1 -1 -1 -1 -1 -1 -1 -1 -1 -1 -1 -1 -1 -1 -1 -1 -1 -1 -1 -1 -1 -1 -1 -1 -1 -1 -1 -1 -1 54 69 52 26 16 7 2 0 0 0 0 0 0 0 0 0 0 0 0 0 0 0 0 0 0 0 0 0 0 0 0 0 0 0 0 0 0 0 0 0 0 0 0 0 0 0 0 0 0 0 0 0 0 15 94 83 50 -1 -1 -1 -1 -1 -1 -1 -1 -1 -1 -1 -1 -1 -1 -1 -1
-1 -1 -1 -1 -1 -1 -1 -1 -1 -1 -1 -1 -1 -1 -1 -1 -1 -1 -1 -1 -1 -1 -1 -1 49 38 37 36 35 33 33 32 31 30 30 30 28 25 24 24 24 24 24 24 24 75 75 -1 -1 -1 -1 -1 -1 -1 -1 -1 -1 -1 -1 -1 -1 -1 -1 -1 -1 -1 -1 -1 -1 -1 -1 -1 -1 -1 -1 -1 -1 -1 -1 -1 -1 -1 -1 -1 -1 50 68 57 23 5 1 0 0 0 0 0 0 0 0 0 0 0 0 0 0 0 0 0 0 0 0 0 0 0 0 0 0 0 0 0 0 0 0 0 0 0 0 0 0 0 0 0 0 0 0 0 0 0 13 93 84 50 -1 -1 -1 -1 -1 -1 -1 -1 -1 -1 -1 -1 -1 -1 -1 -1
-1 -1 -1 -1 -1 -1 -1 -1 -1 -1 -1 -1 -1 -1 -1 -1 -1 -1 -1 -1 -1 -1 -1 -1 -1 38 38 36 35 35 33 33 31 31 30 30 30 27 25 24 24 24 24 24 24 75 75 73 -1 -1 -1 -1 -1 -1 -1 -1 -1 -1 -1 -1 -1 -1 -1 -1 -1 -1 -1 -1 -1 -1 -1 -1 -1 -1 -1 -1 -1 -1 -1 -1 -1 -1 -1 -1 -1 -1 64 64 7 0 0 0 0 0 0 0 0 0 0 0 0 0 0 0 0 0 0 0 0 0 0 0 0 0 0 0 0 0 0 0 0 0 0 0 0 0 0 0 0 0 0 0 0 0 0 0 0 0 4 94 84 50 -1 -1 -1 -1 -1 -1 -1 -1 -1 -1 -1 -1 -1 -1 -1 -1
-1 -1 -1 -1 -1 -1 -1 -1 -1 -1 -1 -1 -1 -1 -1 -1 -1 -1 -1 -1 -1 -1 -1 -1 -1 -1 38 38 36 35 33 33 31 31 30 30 30 28 25 24 24 24 24 24 24 67 60 75 -1 -1 -1 -1 -1 -1 -1 -1 -1 -1 -1 -1 -1 -1 -1 -1 -1 -1 -1 -1 -1 -1 -1 -1 -1 -1 -1 -1 -1 -1 -1 -1 50 51 53 56 60 63 76 63 0 0 0 0 0 0 0 0 0 0 0 0 0 0 0 0 0 0 0 0 0 0 0 0 0 0 0 0 0 0 0 0 0 0 0 0 0 0 0 0 0 0 0 0 0 0 0 0 0 0 2 93 84 50 -1 -1 -1 -1 -1 -1 -1 -1 -1 -1 -1 -1 -1 -1 -1 -1
-1 -1 -1 -1 -1 -1 -1 -1 -1 -1 -1 -1 -1 -1 -1 -1 -1 -1 -1 -1 -1 -1 -1 -1 -1 -1 -1 38 37 35 35 33 32 31 31 30 30 30 27 25 24 24 24 24 24 56 64 75 -1 -1 -1 -1 -1 -1 -1 -1 -1 -1 -1 -1 -1 -1 -1 -1 -1 -1 -1 -1 -1 -1 -1 -1 -1 50 51 52 53 53 53 54 70 82 87 91 90 85 79 22 0 0 0 0 0 0 0 0 0 0 0 0 0 0 0 0 0 0 0 0 0 0 0 0 0 0 0 0 0 0 0 0 0 0 0 0 0 0 0 0 0 0 0 0 0 0 0 0 0 0 0 92 85 50 -1 -1 -1 -1 -1 -1 -1 -1 -1 -1 -1 -1 -1 -1 -1 -1
-1 -1 -1 -1 -1 -1 -1 -1 -1 -1 -1 -1 -1 -1 -1 -1 -1 -1 -1 -1 -1 -1 -1 -1 -1 -1 -1 38 38 36 35 33 33 31 31 30 30 30 28 25 24 24 24 24 24 53 69 75 -1 -1 -1 -1 -1 -1 -1 -1 -1 -1 -1 -1 -1 -1 -1 -1 -1 -1 -1 -1 -1 -1 52 70 75 78 84 87 85 84 82 80 80 77 46 37 19 10 1 0 0 0 0 0 0 0 0 0 0 0 0 0 0 0 0 0 0 0 0 0 0 233 0 0 0 0 0 0 0 0 0 0 0 0 0 0 0 0 0 0 0 0 0 0 0 0 0 0 0 0 0 91 85 50 -1 -1 -1 -1 -1 -1 -1 -1 -1 -1 -1 -1 -1 -1 -1 -1
-1 -1 -1 -1 -1 -1 -1 -1 -1 -1 -1 -1 -1 -1 -1 -1 -1 -1 -1 -1 -1 -1 -1 -1 -1 -1 -1 -1 38 38 36 35 33 32 31 30 30 30 29 27 25 24 24 24 24 35 75 75 -1 -1 -1 -1 -1 -1 -1 -1 -1 -1 -1 -1 -1 52 70 75 77 82 85 87 87 87 87 87 86 64 45 28 0 0 0 0 0 0 0 0 0 0 0 0 0 0 0 0 0 0 0 0 0 0 0 0 0 0 0 0 0 0 0 0 0 0 0 0 0 0 0 0 0 0 0 0 0 0 0 0 0 0 0 0 0 0 0 0 0 0 0 0 0 0 0 91 85 50 -1 -1 -1 -1 -1 -1 -1 -1 -1 -1 -1 -1 -1 -1 -1 -1
-1 -1 -1 -1 -1 -1 -1 -1 -1 -1 -1 -1 -1 -1 -1 -1 -1 -1 -1 -1 -1 -1 -1 -1 -1 -1 -1 -1 -1 38 37 35 33 33 31 31 30 30 30 28 25 25 24 24 24 24 75 75 -1 -1 -1 -1 -1 -1 -1 70 75 76 78 81 82 84 85 84 74 65 53 31 0 0 0 0 0 0 0 0 0 0 0 0 0 0 0 0 0 0 0 0 0 0 0 0 0 0 0 0 0 0 0 0 0 0 0 0 0 0 0 0 0 0 0 0 0 0 0 0 0 0 0 0 0 0 0 0 0 0 0 0 0 0 0 0 0 0 0 0 0 0 0 90 86 50 -1 -1 -1 -1 -1 -1 -1 -1 -1 -1 -1 -1 -1 -1 -1 -1
-1 -1 -1 -1 -1 -1 -1 -1 -1 -1 -1 -1 -1 -1 -1 -1 -1 -1 -1 -1 -1 -1 -1 -1 -1 -1 -1 -1 -1 38 38 36 35 33 32 31 30 30 30 29 27 25 24 24 24 24 69 65 75 60 58 60 60 60 64 55 48 53 29 19 12 9 6 1 0 0 0 0 0 0 0 0 0 0 0 0 0 0 0 0 0 0 0 0 0 0 0 0 0 0 0 0 0 0 0 0 0 0 0 0 0 0 0 0 0 0 0 0 0 0 0 0 0 0 0 0 0 0 0 0 0 0 0 0 0 0 0 0 0 0 0 0 0 0 0 0 0 0 0 89 87 51 -1 -1 -1 -1 -1 -1 -1 -1 -1 -1 -1 -1 -1 -1 -1 -1
-1 -1 -1 -1 -1 -1 -1 -1 -1 -1 -1 -1 -1 -1 -1 -1 -1 -1 -1 -1 -1 -1 -1 -1 -1 -1 -1 -1 -1 -1 38 38 35 33 33 31 31 30 30 30 28 25 25 24 24 24 29 42 24 24 24 23 24 24 22 22 20 18 14 8 7 4 2 0 0 0 0 0 0 0 0 0 0 0 0 0 0 0 0 0 0 0 0 0 0 0 0 0 0 0 0 0 0 0 0 0 0 0 0 0 0 0 0 0 0 0 0 0 0 0 0 0 0 0 0 0 0 0 0 0 0 0 0 0 0 0 0 0 0 0 0 0 0 0 0 0 0 0 0 87 88 51 -1 -1 -1 -1 -1 -1 -1 -1 -1 -1 -1 -1 -1 -1 -1 -1
-1 -1 -1 -1 -1 -1 -1 -1 -1 -1 -1 -1 -1 -1 -1 -1 -1 -1 -1 -1 -1 -1 -1 -1 -1 -1 -1 -1 -1 -1 -1 38 36 35 33 31 31 30 30 30 28 27 25 24 24 24 24 24 24 24 24 23 23 24 23 22 20 16 12 9 7 7 4 0 0 0 0 0 0 0 0 0 0 0 0 0 0 0 0 0 0 0 0 0 0 0 0 0 0 0 0 0 0 0 0 0 0 0 0 0 0 0 0 0 0 0 0 0 0 0 0 0 0 0 0 0 0 0 0 0 0 0 0 0 0 0 0 0 0 0 0 0 0 0 0 0 0 0 0 85 87 51 -1 -1 -1 -1 -1 -1 -1 -1 -1 -1 -1 -1 -1 -1 -1 -1
-1 -1 -1 -1 -1 -1 -1 -1 -1 -1 -1 -1 -1 -1 -1 -1 -1 -1 -1 -1 -1 -1 -1 -1 -1 -1 -1 -1 -1 -1 -1 38 35 33 33 31 31 31 30 233 30 28 25 25 24 24 24 24 24 24 24 23 23 24 23 22 22 20 16 12 9 7 7 3 0 0 0 0 0 0 0 0 0 0 0 0 0 0 0 0 0 0 0 0 0 0 0 0 0 0 0 0 0 0 0 0 0 0 0 0 0 0 0 0 0 0 0 0 0 0 0 0 0 0 0 0 0 0 0 0 0 0 0 0 0 0 0 0 0 0 0 0 0 0 0 0 0 0 0 85 87 51 -1 -1 -1 -1 -1 -1 -1 -1 -1 -1 -1 -1 -1 -1 -1 -1
-1 -1 -1 -1 -1 -1 -1 -1 -1 -1 -1 -1 -1 -1 -1 -1 -1 -1 -1 -1 -1 -1 -1 -1 -1 -1 -1 -1 -1 -1 38 35 33 33 31 31 31 30 30 30 30 28 27 25 24 24 24 24 24 24 24 24 23 23 23 23 22 21 18 16 11 9 7 7 3 0 0 0 0 0 0 0 0 0 0 0 0 0 0 0 0 0 0 0 0 0 0 0 0 0 0 0 0 0 0 0 0 0 0 0 0 0 0 0 0 0 0 0 0 0 0 0 0 0 0 0 0 0 0 0 0 0 0 0 0 0 0 0 0 0 0 0 0 0 0 0 0 0 0 83 88 51 -1 -1 -1 -1 -1 -1 -1 -1 -1 -1 -1 -1 -1 -1 -1 -1
-1 -1 -1 -1 -1 -1 -1 -1 -1 -1 -1 -1 -1 -1 -1 -1 -1 -1 -1 -1 -1 -1 -1 -1 -1 -1 -1 -1 -1 38 36 33 33 31 31 31 30 30 30 30 29 28 26 25 24 24 24 24 24 24 24 24 24 23 23 23 23 22 20 18 15 10 9 7 7 2 0 0 0 0 0 0 0 0 0 0 0 0 0 0 0 0 0 0 0 0 0 0 0 0 0 233 0 0 0 0 0 0 0 0 0 0 0 0 0 0 0 0 0 0 0 0 0 0 0 0 0 0 0 0 0 0 0 0 0 0 0 0 0 0 0 0 0 0 0 0 0 0 0 80 89 54 -1 -1 -1 -1 -1 -1 -1 -1 -1 -1 -1 -1 -1 -1 -1 -1
-1 -1 -1 -1 -1 -1 -1 -1 -1 -1 -1 -1 -1 -1 -1 -1 -1 -1 -1 -1 -1 -1 -1 -1 -1 -1 -1 -1 41 38 33 33 31 31 31 30 30 30 30 29 28 26 25 24 24 24 24 24 24 24 24 24 23 23 23 23 23 22 22 19 17 13 9 8 6 4 0 0 0 0 0 0 0 0 0 0 0 0 0 0 0 0 0 0 0 0 0 0 0 0 0 0 0 0 0 0 0 0 0 0 0 0 0 0 0 0 0 0 0 0 0 0 0 0 0 0 0 0 0 0 0 0 0 0 0 0 0 0 0 0 0 0 0 0 0 0 0 0 0 76 89 54 -1 -1 -1 -1 -1 -1 -1 -1 -1 -1 -1 -1 -1 -1 -1 -1
-1 -1 -1 -1 -1 -1 -1 -1 -1 -1 -1 -1 -1 -1 -1 -1 -1 -1 -1 -1 -1 -1 -1 -1 -1 -1 -1 -1 38 33 32 31 31 30 30 30 30 30 29 28 27 25 24 24 24 24 24 24 24 24 24 24 23 23 23 23 22 22 21 19 17 14 9 7 5 0 0 0 0 0 0 0 0 0 0 0 0 0 0 0 0 0 0 0 0 0 0 0 0 0 0 0 0 0 0 0 0 0 0 0 0 0 0 0 0 0 0 0 0 0 0 0 0 0 0 0 0 0 0 0 0 0 0 0 0 0 0 0 0 0 0 0 0 0 0 0 0 0 0 72 91 55 -1 -1 -1 -1 -1 -1 -1 -1 -1 -1 -1 -1 -1 -1 -1 -1
-1 -1 -1 -1 -1 -1 -1 -1 -1 -1 -1 -1 -1 -1 -1 -1 -1 -1 -1 -1 -1 -1 -1 -1 -1 -1 -1 38 33 32 31 36 35 30 30 30 30 29 28 27 25 25 24 24 24 24 24 24 24 24 24 23 23 23 23 22 22 21 19 17 15 11 8 6 3 0 0 0 0 0 0 0 0 0 0 0 0 0 0 0 0 0 0 0 0 0 0 0 0 0 0 0 0 0 0 0 0 0 0 0 0 0 0 0 0 0 0 0 0 0 0 0 0 0 0 0 0 0 0 0 0 0 0 0 0 0 0 0 0 0 0 0 0 0 0 0 0 0 0 65 90 56 -1 -1 -1 -1 -1 -1 -1 -1 -1 -1 -1 -1 -1 -1 -1 -1
-1 -1 -1 -1 -1 -1 -1 -1 -1 -1 -1 -1 -1 -1 -1 -1 -1 -1 -1 -1 -1 -1 -1 -1 -1 -1 39 33 32 31 71 51 30 30 30 30 29 28 27 25 25 24 24 24 24 24 24 24 24 24 23 23 23 23 22 22 21 20 18 16 13 10 7 5 0 0 0 0 0 0 0 0 0 0 0 0 0 0 0 0 0 0 0 0 0 0 0 0 0 0 0 0 0 0 0 0 0 0 0 0 0 0 0 0 0 0 0 0 0 0 0 0 0 0 0 0 0 0 0 0 0 0 0 0 0 0 0 0 0 0 0 0 0 0 0 0 0 0 0 65 91 63 -1 -1 -1 -1 -1 -1 -1 -1 -1 -1 -1 -1 -1 -1 -1 -1
-1 -1 -1 -1 -1 -1 -1 -1 -1 -1 -1 -1 -1 -1 -1 -1 -1 -1 -1 -1 -1 -1 -1 -1 -1 -1 35 32 31 36 54 42 30 30 30 29 28 27 25 31 24 30 24 24 24 24 24 24 24 23 23 23 23 23 22 22 20 19 17 15 11 8 6 0 0 0 0 0 0 0 0 0 0 0 0 0 0 0 0 0 0 0 0 0 0 0 0 0 0 0 0 0 0 0 0 0 0 0 0 0 0 0 0 0 0 0 0 0 0 0 0 0 0 0 0 0 0 0 0 0 0 0 0 0 0 0 0 0 0 0 0 0 0 0 0 0 0 0 0 65 89 72 -1 -1 -1 -1 -1 -1 -1 -1 -1 -1 -1 -1 -1 -1 -1 -1
-1 -1 -1 -1 -1 -1 -1 -1 -1 -1 -1 -1 -1 -1 -1 -1 -1 -1 -1 -1 -1 -1 -1 -1 -1 37 32 31 31 41 35 32 31 30 29 28 27 25 25 30 30 35 24 30 24 24 24 29 23 23 23 23 23 22 22 20 19 17 15 12 9 7 3 0 0 0 0 0 0 0 0 0 0 0 0 0 20 0 0 0 0 0 0 0 0 0 0 0 1 0 0 0 0 0 0 0 0 0 0 0 0 0 0 0 0 0 0 0 0 0 0 0 0 0 0 0 0 0 0 0 0 0 0 0 0 0 0 0 0 0 0 0 0 0 0 0 0 0 0 61 90 74 -1 -1 -1 -1 -1 -1 -1 -1 -1 -1 -1 -1 -1 -1 -1 -1
-1 -1 -1 -1 -1 -1 -1 -1 -1 -1 -1 -1 -1 -1 -1 -1 -1 -1 -1 -1 -1 -1 -1 -1 38 32 31 31 30 57 38 31 31 29 29 27 26 25 25 24 35 30 24 24 24 24 24 28 23 23 23 28 22 22 21 24 18 22 25 11 8 11 0 0 0 13 0 0 0 0 0 0 0 0 0 0 0 0 0 0 0 0 0 0 0 0 0 0 0 0 0 0 0 0 0 0 0 0 0 0 0 0 0 0 0 0 0 0 0 0 0 0 0 0 0 0 0 0 0 0 0 0 0 0 0 0 0 0 0 0 0 0 0 0 0 0 0 0 0 60 91 77 -1 -1 -1 -1 -1 -1 -1 -1 -1 -1 -1 -1 -1 -1 -1 -1
-1 -1 -1 -1 -1 -1 -1 -1 -1 -1 -1 -1 -1 -1 -1 -1 -1 -1 -1 -1 -1 -1 -1 -1 31 31 31 30 35 59 35 32 29 29 27 26 25 24 30 24 25 24 24 24 24 24 23 23 23 23 23 22 22 21 19 24 17 21 23 15 13 11 9 4 2 20 25 0 0 0 0 0 0 0 0 0 0 0 0 0 0 0 0 0 0 0 0 0 0 0 0 0 0 0 0 0 0 0 0 0 0 0 0 0 0 0 0 0 0 0 0 0 0 0 0 0 0 0 0 0 0 0 0 0 0 0 0 0 0 0 0 0 0 0 0 0 0 0 0 58 91 77 -1 -1 -1 -1 -1 -1 -1 -1 -1 -1 -1 -1 -1 -1 -1 -1
-1 -1 -1 -1 -1 -1 -1 -1 -1 -1 -1 -1 -1 -1 -1 -1 -1 -1 -1 -1 -1 -1 49 32 31 30 30 30 35 44 36 30 28 28 26 25 24 25 25 30 25 24 24 24 24 24 24 23 23 23 22 22 21 20 19 18 17 14 16 9 14 9 17 3 0 14 0 0 0 0 0 0 0 0 0 0 45 76 42 0 0 0 0 0 0 0 0 0 0 0 0 0 0 0 0 0 0 0 0 0 0 0 0 0 0 0 0 0 0 0 0 0 0 0 0 0 0 0 0 0 0 0 0 0 0 0 0 0 0 0 0 0 0 0 0 0 0 0 0 58 91 76 -1 -1 -1 -1 -1 -1 -1 -1 -1 -1 -1 -1 -1 -1 -1 -1
-1 -1 -1 -1 -1 -1 -1 -1 -1 -1 -1 -1 -1 -1 -1 -1 -1 -1 -1 -1 -1 49 32 31 30 30 30 30 40 46 33 29 28 26 25 24 25 25 24 25 24 24 24 24 24 23 24 23 23 22 23 22 20 19 18 17 15 13 15 13 4 0 0 0 0 1 0 0 0 0 0 0 0 0 0 34 78 87 85 19 0 0 0 0 0 0 0 0 0 0 0 0 0 0 0 0 0 0 0 0 0 0 0 0 0 0 0 0 0 0 0 0 0 0 0 0 0 0 0 0 0 0 0 0 0 0 0 0 0 0 0 0 0 0 0 0 0 0 0 58 91 77 -1 -1 -1 -1 -1 -1 -1 -1 -1 -1 -1 -1 -1 -1 -1 -1
-1 -1 -1 -1 -1 -1 -1 -1 -1 -1 -1 -1 -1 -1 -1 -1 -1 -1 -1 -1 49 36 31 30 30 30 30 30 42 47 30 27 27 25 25 24 25 25 25 25 24 24 24 24 23 24 24 23 22 22 23 20 19 19 18 15 19 12 8 4 0 4 0 0 0 0 0 0 0 0 0 0 0 0 11 77 82 87 85 86 71 2 0 0 0 0 0 0 0 0 0 0 0 0 0 0 0 0 0 0 0 0 0 0 0 0 0 0 0 0 0 0 0 0 0 0 0 0 0 0 0 0 0 0 0 0 0 0 0 0 0 0 0 0 0 0 0 0 0 56 91 78 -1 -1 -1 -1 -1 -1 -1 -1 -1 -1 -1 -1 -1 -1 -1 -1
-1 -1 -1 -1 -1 -1 -1 -1 -1 -1 -1 -1 -1 -1 -1 -1 -1 -1 -1 49 44 31 30 30 30 30 30 29 46 41 28 27 26 25 24 25 26 25 25 25 24 24 24 23 23 24 23 23 22 23 21 19 19 17 18 14 14 10 6 0 0 0 0 0 0 0 0 0 0 0 0 0 0 0 56 84 87 70 51 76 85 85 6 0 0 0 0 0 0 0 0 0 0 0 0 0 0 0 0 0 0 0 0 0 0 0 0 0 0 0 0 0 0 0 0 0 0 0 0 0 0 0 0 0 0 0 0 0 0 0 0 0 0 0 0 0 0 0 0 51 92 77 -1 -1 -1 -1 -1 -1 -1 -1 -1 -1 -1 -1 -1 -1 -1 -1
-1 -1 -1 -1 -1 -1 -1 -1 -1 -1 -1 -1 -1 -1 -1 -1 -1 -1 49 44 32 30 30 30 30 30 29 37 47 35 27 26 25 24 24 25 25 25 26 24 24 24 23 23 24 24 23 22 22 22 20 19 18 18 16 14 12 9 2 0 0 0 0 0 0 0 0 0 0 0 0 0 0 56 86 87 71 -1 -1 50 64 87 82 5 0 0 0 0 0 0 0 0 0 0 0 0 0 0 0 0 0 0 0 0 0 0 0 0 0 0 0 0 0 0 0 0 0 0 0 0 0 0 0 0 0 0 0 0 0 0 0 0 0 0 0 0 0 0 0 49 92 78 -1 -1 -1 -1 -1 -1 -1 -1 -1 -1 -1 -1 -1 -1 -1 -1
-1 -1 -1 -1 -1 -1 -1 -1 -1 -1 -1 -1 -1 -1 -1 -1 -1 49 45 33 30 30 30 30 30 29 29 44 46 30 26 26 24 24 25 26 25 25 25 24 24 23 23 23 24 24 22 22 22 21 19 18 17 16 14 13 11 6 0 0 0 0 0 0 0 0 0 0 0 0 0 0 40 80 87 73 -1 -1 -1 -1 50 62 87 79 19 0 0 0 0 0 0 0 0 0 0 0 0 0 0 0 0 0 0 0 0 0 0 0 0 0 0 0 0 0 0 0 0 0 0 0 0 0 0 0 0 0 0 0 0 0 0 0 0 0 0 0 0 0 0 36 93 78 -1 -1 -1 -1 -1 -1 -1 -1 -1 -1 -1 -1 -1 -1 -1 -1
-1 -1 -1 -1 -1 -1 -1 -1 -1 -1 -1 -1 -1 -1 -1 -1 49 46 42 30 30 30 30 30 29 28 30 46 46 28 26 24 24 25 26 26 25 25 25 24 24 23 23 23 24 23 22 21 21 20 19 17 17 16 13 12 7 1 0 0 0 0 0 0 0 0 0 0 0 0 0 11 75 87 87 56 -1 -1 -1 -1 -1 -1 64 87 84 18 1 0 0 0 0 0 0 0 0 0 0 0 0 0 0 0 0 0 0 0 0 0 0 0 0 0 0 0 0 0 0 0 0 0 0 0 0 0 0 0 0 0 0 0 0 0 0 0 0 0 0 0 0 40 93 78 50 -1 -1 -1 -1 -1 -1 -1 -1 -1 -1 -1 -1 -1 -1 -1
-1 -1 -1 -1 -1 -1 -1 -1 -1 -1 -1 -1 -1 -1 -1 49 46 44 30 30 30 30 30 29 28 28 36 46 45 27 25 24 24 25 26 24 25 26 25 24 24 23 23 24 23 22 22 20 20 20 18 17 17 15 13 9 4 0 0 0 0 0 0 0 0 0 0 0 0 0 0 61 82 87 56 50 -1 -1 -1 -1 -1 -1 -1 64 84 89 47 13 0 0 0 0 0 0 0 0 0 0 0 0 0 0 0 0 0 0 0 0 0 0 0 0 0 0 0 0 0 0 0 0 0 0 0 0 0 0 0 0 0 0 0 0 0 0 0 0 0 0 0 34 91 79 50 -1 -1 -1 -1 -1 -1 -1 -1 -1 -1 -1 -1 -1 -1 -1
-1 -1 -1 -1 -1 -1 -1 -1 -1 -1 -1 -1 -1 -1 48 46 44 31 30 30 30 30 29 28 28 29 45 44 44 25 25 24 25 26 25 25 25 25 25 24 24 23 23 23 23 22 21 21 20 18 17 17 15 13 12 7 0 0 0 0 0 0 0 0 0 0 0 0 0 0 27 78 87 69 51 -1 -1 -1 -1 -1 -1 -1 -1 -1 53 80 89 77 21 0 0 0 0 0 0 0 0 0 0 0 0 0 0 0 0 0 0 0 0 0 0 0 0 0 0 0 0 0 0 0 0 0 0 0 0 0 0 0 0 0 0 0 0 0 0 0 0 0 0 38 91 79 50 -1 -1 -1 -1 -1 -1 -1 -1 -1 -1 -1 -1 -1 -1 -1
-1 -1 -1 -1 -1 -1 -1 -1 -1 -1 -1 -1 -1 -1 59 44 41 30 30 30 30 29 28 28 27 33 45 45 41 25 24 24 25 25 26 26 26 25 24 24 24 23 23 23 23 21 20 20 20 17 17 17 15 13 9 5 0 0 0 0 0 0 0 0 0 0 0 0 0 0 0 64 66 75 40 -1 -1 -1 -1 -1 -1 -1 -1 -1 -1 51 68 88 76 13 0 0 0 0 0 0 0 0 0 0 0 0 0 0 0 0 0 0 0 0 0 0 0 0 0 0 0 0 0 0 0 0 0 0 0 0 0 0 0 0 0 0 0 0 0 0 0 0 0 37 91 80 50 -1 -1 -1 -1 -1 -1 -1 -1 -1 -1 -1 -1 -1 -1 -1
-1 -1 -1 -1 -1 -1 -1 -1 -1 -1 -1 -1 -1 -1 63 42 71 30 30 30 29 28 28 27 30 36 44 45 39 25 24 25 25 25 25 25 26 25 24 24 23 23 23 23 22 20 20 20 19 17 16 15 13 9 5 0 0 0 0 0 0 0 0 0 0 0 0 0 0 0 0 0 52 51 75 58 -1 -1 -1 -1 -1 -1 -1 -1 -1 -1 -1 58 54 25 0 0 0 0 0 0 0 0 0 0 0 0 0 0 0 0 0 0 0 0 0 0 0 0 0 0 0 0 0 0 0 0 0 0 0 0 0 0 0 0 0 0 0 0 0 0 0 0 0 36 90 82 51 -1 -1 -1 -1 -1 -1 -1 -1 -1 -1 -1 -1 -1 -1 -1
-1 -1 -1 -1 -1 -1 -1 -1 -1 -1 -1 -1 -1 -1 66 68 75 75 75 75 75 75 69 27 31 44 45 44 31 24 25 25 25 26 26 26 24 24 24 24 23 23 23 22 21 19 20 19 18 17 16 14 13 7 4 0 0 0 0 0 0 0 0 0 0 0 0 0 0 0 0 0 0 61 30 69 58 -1 -1 -1 -1 -1 -1 -1 -1 -1 -1 -1 44 7 0 0 0 0 0 0 0 0 0 0 0 0 0 0 0 0 0 0 0 0 0 0 0 0 0 0 0 0 0 0 0 0 0 0 0 0 0 0 0 0 0 0 0 0 0 0 0 0 0 43 90 82 51 -1 -1 -1 -1 -1 -1 -1 -1 -1 -1 -1 -1 -1 -1 -1
-1 -1 -1 -1 -1 -1 -1 -1 -1 -1 -1 -1 -1 -1 -1 -1 57 52 -1 -1 68 55 69 29 31 45 44 42 26 24 25 25 25 25 26 25 25 24 24 24 22 23 22 21 20 20 20 18 17 16 15 13 9 4 0 0 0 0 0 0 0 0 0 0 0 0 0 0 0 0 0 0 0 9 27 62 58 71 -1 -1 -1 -1 -1 -1 -1 -1 -1 -1 45 25 1 0 0 0 0 0 0 0 0 0 0 0 0 0 0 0 0 0 0 0 0 0 0 0 0 0 0 0 0 0 0 0 0 0 0 0 0 0 0 0 0 0 0 0 0 0 0 0 0 43 88 82 51 -1 -1 -1 -1 -1 -1 -1 -1 -1 -1 -1 -1 -1 -1 -1
-1 -1 -1 -1 -1 -1 -1 -1 -1 -1 -1 -1 -1 -1 -1 -1 -1 -1 -1 -1 57 75 73 35 36 44 44 40 26 25 25 25 26 26 25 25 25 24 24 23 23 23 22 21 19 20 19 18 16 16 14 10 7 4 0 0 0 0 0 0 0 0 0 0 0 0 0 0 0 0 0 0 0 4 14 53 75 74 71 -1 -1 -1 -1 -1 -1 -1 -1 -1 45 32 15 1 0 0 0 0 0 0 0 0 0 0 0 0 0 0 0 0 0 0 0 0 0 0 0 0 0 0 0 0 0 0 0 0 0 0 0 0 0 0 0 0 0 0 0 0 0 0 0 42 89 84 52 -1 -1 -1 -1 -1 -1 -1 -1 -1 -1 -1 -1 -1 -1 -1
-1 -1 -1 -1 -1 -1 -1 -1 -1 -1 -1 -1 -1 -1 -1 -1 -1 -1 -1 -1 -1 72 60 71 44 44 44 39 24 24 25 25 26 26 25 26 25 24 23 22 23 22 21 20 20 19 18 18 15 15 11 8 4 0 0 0 0 0 0 0 0 0 0 0 0 0 0 0 0 0 0 0 0 2 10 21 53 60 63 66 -1 -1 -1 -1 -1 -1 -1 -1 45 33 24 14 0 0 0 0 0 0 0 0 0 0 0 0 0 0 0 0 0 0 0 0 0 0 0 0 0 0 0 0 0 0 0 0 0 0 0 0 0 0 0 0 0 0 0 0 0 0 0 41 87 84 53 50 -1 -1 -1 -1 -1 -1 -1 -1 -1 -1 -1 -1 -1 -1
-1 -1 -1 -1 -1 -1 -1 -1 -1 -1 -1 -1 -1 -1 -1 -1 -1 -1 -1 -1 -1 70 42 42 44 44 42 39 24 25 25 26 26 26 25 25 24 23 23 22 22 21 20 20 19 18 18 17 14 14 9 5 1 0 0 0 0 0 0 0 0 0 0 0 0 0 0 0 0 0 0 0 0 0 6 14 21 39 53 48 72 48 -1 -1 -1 -1 -1 -1 43 33 26 18 11 0 0 0 0 0 0 0 0 0 0 0 0 0 0 0 0 0 0 0 0 0 0 0 0 0 0 0 0 0 0 0 0 0 0 0 0 0 0 0 0 0 0 0 0 0 0 35 77 57 46 51 47 49 50 -1 -1 -1 -1 -1 -1 -1 -1 -1 -1 -1
-1 -1 -1 -1 -1 -1 -1 -1 -1 -1 -1 -1 -1 -1 -1 -1 -1 -1 -1 -1 -1 68 51 44 44 44 41 39 24 25 25 26 25 25 26 25 24 23 23 22 21 20 20 19 19 18 18 16 15 11 7 4 0 0 0 0 0 0 0 0 0 0 0 0 0 0 0 0 0 0 0 0 0 0 6 11 17 23 23 35 37 54 -1 -1 -1 -1 -1 -1 42 32 28 24 14 10 0 0 0 0 0 0 0 0 0 0 0 0 0 0 0 0 0 0 0 0 0 0 0 0 0 0 0 0 0 0 0 0 0 0 0 0 0 0 0 0 0 0 0 0 0 20 31 28 16 33 33 53 53 50 -1 -1 -1 -1 -1 -1 -1 -1 -1 -1
-1 -1 -1 -1 -1 -1 -1 -1 -1 -1 -1 -1 -1 -1 -1 -1 -1 -1 -1 -1 -1 66 42 44 44 44 39 37 25 25 26 26 26 25 26 25 24 23 22 22 21 20 20 19 18 18 16 14 13 9 5 1 0 0 0 0 0 0 0 0 0 0 0 0 0 0 0 0 0 0 0 0 0 0 2 7 13 20 23 23 24 35 38 48 -1 -1 -1 -1 41 32 30 25 20 13 11 0 0 0 0 0 0 0 0 0 0 0 0 0 0 0 0 0 0 0 0 0 0 0 0 0 0 0 0 0 0 0 0 0 0 0 0 0 0 0 0 0 0 0 0 0 0 0 0 0 16 64 59 51 -1 -1 -1 -1 -1 -1 -1 -1 -1 -1
-1 -1 -1 -1 -1 -1 -1 -1 -1 -1 -1 -1 -1 -1 -1 -1 -1 -1 -1 -1 -1 64 49 44 44 42 40 33 25 25 25 25 26 25 25 24 23 22 22 21 20 20 19 18 18 17 16 13 9 6 4 0 0 0 0 0 0 0 0 0 0 0 0 0 0 0 0 0 0 0 0 0 0 0 1 6 11 16 22 23 23 24 27 38 38 -1 -1 50 40 32 30 26 24 15 12 9 0 0 0 0 0 0 0 0 0 0 0 0 0 0 0 0 0 0 0 0 0 0 0 0 0 0 0 0 0 0 0 0 0 0 0 0 0 0 0 0 0 0 0 0 0 0 0 0 46 85 68 53 -1 -1 -1 -1 -1 -1 -1 -1 -1 -1
-1 -1 -1 -1 -1 -1 -1 -1 -1 -1 -1 -1 -1 -1 -1 -1 -1 -1 -1 -1 -1 52 44 44 44 41 38 31 25 25 26 26 25 26 24 24 23 22 21 20 20 20 20 18 18 16 15 11 8 5 0 0 0 0 0 0 0 0 0 0 0 0 0 0 0 0 0 0 0 0 0 0 0 0 0 5 8 13 18 22 23 23 24 24 36 38 38 49 38 31 30 29 25 20 15 11 7 0 0 0 0 0 0 0 0 0 0 0 0 0 0 0 0 0 0 0 0 0 0 0 0 0 0 0 0 0 0 0 0 0 0 0 0 0 0 0 0 0 0 0 0 0 0 0 40 83 78 59 51 -1 -1 -1 -1 -1 -1 -1 -1 -1
-1 -1 -1 -1 -1 -1 -1 -1 -1 -1 -1 -1 -1 -1 -1 -1 -1 -1 -1 -1 45 44 44 44 44 41 39 26 24 25 26 26 25 25 24 24 22 22 20 20 20 19 19 18 16 16 13 9 5 2 0 0 0 0 0 0 0 0 0 0 0 0 0 0 0 0 0 0 0 0 0 0 0 0 0 5 7 11 15 21 23 23 23 24 24 28 37 37 36 31 30 31 26 23 20 14 10 6 0 0 0 0 0 0 0 0 0 0 0 0 0 0 0 0 0 0 0 0 0 0 0 0 0 0 0 0 0 0 0 0 0 0 0 0 0 0 0 0 0 0 0 0 0 0 29 70 76 68 56 51 -1 -1 -1 -1 -1 -1 -1 -1
-1 -1 -1 -1 -1 -1 -1 -1 -1 -1 -1 -1 -1 -1 -1 -1 -1 -1 -1 -1 44 44 44 44 42 40 39 25 25 26 26 26 25 24 24 23 21 22 20 20 19 19 18 17 16 13 9 7 4 0 0 0 0 0 0 0 0 0 0 0 0 0 0 0 0 0 0 0 0 0 0 0 0 0 0 2 6 9 12 17 22 23 23 23 24 24 24 35 25 19 28 31 27 24 24 17 13 9 6 0 0 0 0 0 0 0 0 0 0 0 0 0 0 0 0 0 0 0 0 0 0 0 0 0 0 0 0 0 0 0 0 0 0 0 0 0 0 0 0 0 0 0 0 0 0 34 69 75 67 54 50 -1 -1 -1 -1 -1 -1 -1
-1 -1 -1 -1 -1 -1 -1 -1 -1 -1 -1 -1 -1 -1 -1 -1 -1 -1 -1 44 44 44 44 44 42 40 38 24 25 26 26 24 25 24 23 22 22 21 20 20 19 19 18 16 14 12 8 5 1 0 0 0 0 0 0 0 0 0 0 0 0 0 0 0 0 0 0 0 0 0 0 0 0 0 0 0 6 8 11 15 18 22 23 23 23 24 24 23 16 19 18 20 28 25 25 22 15 10 8 5 0 0 0 0 0 0 0 0 0 0 0 0 0 0 0 0 0 0 0 0 0 0 0 0 0 0 0 0 0 0 0 0 0 0 0 0 0 0 0 0 0 0 0 0 0 0 32 56 56 54 54 54 51 -1 -1 -1 -1 -1
-1 -1 -1 -1 -1 -1 -1 -1 -1 -1 -1 -1 -1 -1 -1 -1 -1 -1 44 44 44 44 44 44 41 39 37 25 26 26 25 25 25 24 23 21 21 20 20 19 18 18 16 16 12 9 6 3 0 0 0 0 0 0 0 0 0 0 0 0 0 0 0 0 0 0 0 0 0 0 0 0 0 0 0 0 5 7 9 12 16 21 22 23 23 23 23 22 12 8 13 20 19 14 25 24 18 12 9 7 3 0 0 0 0 0 0 0 0 0 0 0 0 0 0 0 0 0 0 0 0 0 0 0 0 0 0 0 0 0 0 0 0 0 0 0 0 0 0 0 0 0 0 0 0 0 21 37 49 54 66 67 55 -1 -1 -1 -1 -1
-1 -1 -1 -1 -1 -1 -1 -1 -1 -1 -1 -1 -1 -1 -1 -1 -1 46 44 44 42 44 44 42 41 38 37 25 26 25 25 25 24 24 22 20 21 20 19 18 19 18 16 13 10 7 5 1 0 0 0 0 0 0 0 0 0 0 0 0 0 0 0 0 0 0 0 0 0 0 0 0 0 0 0 0 3 6 8 11 15 18 22 23 23 23 22 22 13 5 5 13 18 15 15 23 21 14 11 9 5 2 0 0 0 0 0 0 0 0 0 0 0 0 0 0 0 0 0 0 0 0 0 0 0 0 0 0 0 0 0 0 0 0 0 0 0 0 0 0 0 0 0 0 0 2 22 41 59 75 91 74 54 -1 -1 -1 -1 -1
-1 -1 -1 -1 -1 -1 -1 -1 -1 -1 -1 -1 -1 -1 -1 -1 49 44 44 44 42 44 44 42 39 38 38 26 27 25 25 25 24 23 22 21 21 19 19 18 18 16 15 11 9 5 2 0 0 0 0 0 0 0 0 0 0 0 0 0 0 0 0 0 0 0 0 0 0 0 0 0 0 0 0 0 2 6 7 9 12 16 18 22 23 23 22 20 13 5 4 6 7 15 17 13 11 16 13 10 7 4 3 0 0 0 0 0 0 0 0 0 0 0 0 0 0 0 0 0 0 0 0 0 0 0 0 0 0 0 0 0 0 0 0 0 0 41 62 63 66 71 80 78 88 90 90 91 90 89 82 57 -1 -1 -1 -1 -1 -1
-1 -1 -1 -1 -1 -1 -1 -1 -1 -1 -1 -1 -1 -1 -1 -1 53 44 44 42 44 44 44 42 39 38 35 26 25 25 25 24 23 22 20 21 21 19 18 18 17 15 13 9 7 2 1 0 0 0 0 0 0 0 0 0 0 0 0 0 0 0 0 0 0 0 0 0 0 0 0 0 0 0 0 0 0 5 7 9 11 15 17 21 22 22 22 19 15 11 11 8 11 20 19 15 13 10 4 11 8 6 5 4 0 0 0 0 0 0 0 0 0 0 0 0 0 0 0 0 0 0 0 0 0 0 20 53 63 64 65 72 80 88 91 92 92 92 92 91 87 83 81 78 76 75 75 75 56 55 -1 -1 -1 -1 -1 -1 -1 -1
-1 -1 -1 -1 -1 -1 -1 -1 -1 -1 -1 -1 -1 -1 -1 -1 64 44 44 42 44 44 42 40 39 38 30 26 25 26 24 24 23 21 21 21 19 18 18 18 17 14 10 8 5 1 0 0 0 0 0 0 0 0 0 0 0 0 0 0 0 0 0 0 0 0 0 0 0 0 0 0 0 0 0 0 0 5 7 7 9 12 16 18 22 22 24 27 60 78 79 79 77 76 25 8 7 11 7 2 2 7 6 5 4 0 0 0 0 0 0 0 0 0 0 10 36 47 57 67 72 74 85 90 92 92 92 93 92 90 85 83 79 76 75 75 66 59 50 50 -1 52 -1 -1 -1 -1 -1 -1 -1 -1 -1 -1 -1 -1 -1 -1 -1 -1
-1 -1 -1 -1 -1 -1 -1 -1 -1 -1 -1 -1 -1 -1 -1 -1 64 44 42 42 44 44 42 40 38 38 25 26 25 24 24 23 22 21 21 20 19 18 18 17 16 11 9 7 3 0 0 0 0 0 0 0 0 0 0 0 0 0 0 0 0 0 0 0 0 0 0 0 0 0 0 0 0 0 0 0 0 3 6 7 8 11 14 16 62 76 76 79 82 84 84 85 85 74 39 35 8 22 16 12 7 12 21 22 22 28 34 37 47 59 65 75 82 85 86 89 91 92 89 84 80 78 77 77 76 65 56 52 52 51 51 51 50 50 -1 -1 -1 -1 -1 -1 -1 -1 -1 -1 -1 -1 -1 -1 -1 -1 -1 -1 -1 -1 -1 -1 -1 -1
-1 -1 -1 -1 -1 -1 -1 -1 -1 -1 -1 -1 -1 -1 -1 -1 63 44 42 44 44 44 42 39 39 38 25 25 24 24 24 23 21 22 21 20 18 18 17 16 14 10 8 5 1 0 0 0 0 0 0 0 0 0 0 0 0 0 0 0 0 0 0 0 0 0 0 0 0 0 0 0 0 0 0 0 0 1 5 7 8 10 12 16 73 58 76 52 53 51 50 50 53 56 54 39 35 44 56 66 80 84 86 87 87 89 91 90 88 85 84 82 80 76 64 58 58 56 55 52 51 50 -1 -1 -1 -1 -1 -1 -1 -1 -1 -1 -1 -1 -1 -1 -1 -1 -1 -1 -1 -1 -1 -1 -1 -1 -1 -1 -1 -1 -1 -1 -1 -1 -1 -1 -1 -1
-1 -1 -1 -1 -1 -1 -1 -1 -1 -1 -1 -1 -1 -1 -1 -1 66 42 42 44 44 42 40 39 38 38 26 24 25 24 24 22 21 21 20 19 18 18 16 15 11 8 6 3 0 0 0 0 0 0 0 0 0 0 0 0 0 0 0 0 0 0 0 0 0 0 0 0 0 0 0 0 0 0 0 0 0 0 5 7 7 8 11 15 71 60 75 -1 -1 -1 -1 -1 55 59 70 74 85 86 86 85 85 77 71 68 64 64 63 62 57 53 52 51 -1 -1 -1 -1 -1 -1 -1 -1 -1 -1 -1 -1 -1 -1 -1 -1 -1 -1 -1 -1 -1 -1 -1 -1 -1 -1 -1 -1 -1 -1 -1 -1 -1 -1 -1 -1 -1 -1 -1 -1 -1 -1 -1 -1 -1 -1
-1 -1 -1 -1 -1 -1 -1 -1 -1 -1 -1 -1 -1 -1 -1 -1 66 52 44 44 44 42 40 39 39 38 26 24 24 24 22 22 22 20 20 18 18 17 15 12 9 7 4 1 0 0 0 0 0 0 0 0 0 0 0 0 0 0 0 0 0 0 0 0 0 5 0 0 0 0 0 0 0 0 0 0 0 5 16 23 69 72 72 75 76 75 75 -1 -1 -1 -1 -1 52 59 62 62 62 60 57 55 52 51 -1 -1 -1 -1 -1 -1 -1 -1 -1 -1 -1 -1 -1 -1 -1 -1 -1 -1 -1 -1 -1 -1 -1 -1 -1 -1 -1 -1 -1 -1 -1 -1 -1 -1 -1 -1 -1 -1 -1 -1 -1 -1 -1 -1 -1 -1 -1 -1 -1 -1 -1 -1 -1 -1 -1 -1
-1 -1 -1 -1 -1 -1 -1 -1 -1 -1 -1 -1 -1 -1 -1 -1 64 50 44 44 44 41 40 38 39 39 24 25 24 23 22 22 22 20 19 18 17 16 14 11 7 6 2 0 0 0 0 0 0 0 0 0 0 0 0 0 0 0 0 0 0 0 19 35 27 34 49 45 23 57 63 61 64 63 71 82 86 86 85 82 80 80 73 64 53 51 -1 -1 -1 -1 -1 -1 -1 -1 -1 -1 -1 -1 -1 -1 -1 -1 -1 -1 -1 -1 -1 -1 -1 -1 -1 -1 -1 -1 -1 -1 -1 -1 -1 -1 -1 -1 -1 -1 -1 -1 -1 -1 -1 -1 -1 -1 -1 -1 -1 -1 -1 -1 -1 -1 -1 -1 -1 -1 -1 -1 -1 -1 -1 -1 -1 -1 -1 -1 -1 -1 -1 -1
-1 -1 -1 -1 -1 -1 -1 -1 -1 -1 -1 -1 -1 -1 -1 -1 61 52 44 44 42 41 39 39 38 37 24 24 24 23 22 22 20 19 19 18 16 15 12 10 5 4 1 0 0 0 0 0 0 0 0 0 3 9 8 29 52 68 72 73 75 78 81 84 84 84 85 86 87 87 87 87 87 83 74 69 58 -1 -1 -1 -1 -1 -1 -1 -1 -1 -1 -1 -1 -1 -1 -1 -1 -1 -1 -1 -1 -1 -1 -1 -1 -1 -1 -1 -1 -1 -1 -1 -1 -1 -1 -1 -1 -1 -1 -1 -1 -1 -1 -1 -1 -1 -1 -1 -1 -1 -1 -1 -1 -1 -1 -1 -1 -1 -1 -1 -1 -1 -1 -1 -1 -1 -1 -1 -1 -1 -1 -1 -1 -1 -1 -1 -1 -1 -1 -1 -1 -1
-1 -1 -1 -1 -1 -1 -1 -1 -1 -1 -1 -1 -1 -1 -1 -1 52 60 44 44 42 39 39 39 38 33 24 24 23 23 22 21 20 19 18 21 15 13 16 13 11 13 4 1 4 30 53 58 62 69 73 76 77 79 81 81 82 85 85 85 86 79 75 71 66 62 60 56 53 50 50 -1 -1 -1 -1 -1 -1 -1 -1 -1 -1 -1 -1 -1 -1 -1 -1 -1 -1 -1 -1 -1 -1 -1 -1 -1 -1 -1 -1 -1 -1 -1 -1 -1 -1 -1 -1 -1 -1 -1 -1 -1 -1 -1 -1 -1 -1 -1 -1 -1 -1 -1 -1 -1 -1 -1 -1 -1 -1 -1 -1 -1 -1 -1 -1 -1 -1 -1 -1 -1 -1 -1 -1 -1 -1 -1 -1 -1 -1 -1 -1 -1 -1 -1 -1 -1 -1 -1
-1 -1 -1 -1 -1 -1 -1 -1 -1 -1 -1 -1 -1 -1 -1 -1 55 61 44 49 56 45 45 44 44 64 70 28 23 33 26 37 51 51 58 74 73 73 73 73 74 75 75 76 75 75 75 75 79 84 81 71 69 65 60 57 56 56 55 55 55 54 53 52 51 51 50 50 50 -1 -1 -1 -1 -1 -1 -1 -1 -1 -1 -1 -1 -1 -1 -1 -1 -1 -1 -1 -1 -1 -1 -1 -1 -1 -1 -1 -1 -1 -1 -1 -1 -1 -1 -1 -1 -1 -1 -1 -1 -1 -1 -1 -1 -1 -1 -1 -1 -1 -1 -1 -1 -1 -1 -1 -1 -1 -1 -1 -1 -1 -1 -1 -1 -1 -1 -1 -1 -1 -1 -1 -1 -1 -1 -1 -1 -1 -1 -1 -1 -1 -1 -1 -1 -1 -1 -1 -1 -1
-1 -1 -1 -1 -1 -1 -1 -1 -1 -1 -1 -1 -1 -1 -1 -1 52 64 50 58 62 72 72 75 75 75 75 75 75 75 75 75 75 75 75 75 76 77 78 64 60 62 64 64 62 62 61 60 60 60 59 57 55 53 51 -1 -1 -1 -1 -1 -1 -1 -1 -1 -1 -1 -1 -1 -1 -1 -1 -1 -1 -1 -1 -1 -1 -1 -1 -1 -1 -1 -1 -1 -1 -1 -1 -1 -1 -1 -1 -1 -1 -1 -1 -1 -1 -1 -1 -1 -1 -1 -1 -1 -1 -1 -1 -1 -1 -1 -1 -1 -1 -1 -1 -1 -1 -1 -1 -1 -1 -1 -1 -1 -1 -1 -1 -1 -1 -1 -1 -1 -1 -1 -1 -1 -1 -1 -1 -1 -1 -1 -1 -1 -1 -1 -1 -1 -1 -1 -1 -1 -1 -1 -1 -1 -1 -1
-1 -1 -1 -1 -1 -1 -1 -1 -1 -1 -1 -1 -1 -1 -1 -1 -1 64 61 61 57 52 52 -1 -1 -1 52 49 -1 -1 -1 -1 51 51 51 53 54 55 55 55 55 53 53 51 -1 -1 -1 -1 -1 -1 -1 -1 -1 -1 -1 -1 -1 -1 -1 -1 -1 -1 -1 -1 -1 -1 -1 -1 -1 -1 -1 -1 -1 -1 -1 -1 -1 -1 -1 -1 -1 -1 -1 -1 -1 -1 -1 -1 -1 -1 -1 -1 -1 -1 -1 -1 -1 -1 -1 -1 -1 -1 -1 -1 -1 -1 -1 -1 -1 -1 -1 -1 -1 -1 -1 -1 -1 -1 -1 -1 -1 -1 -1 -1 -1 -1 -1 -1 -1 -1 -1 -1 -1 -1 -1 -1 -1 -1 -1 -1 -1 -1 -1 -1 -1 -1 -1 -1 -1 -1 -1 -1 -1 -1 -1 -1 -1 -1
-1 -1 -1 -1 -1 -1 -1 -1 -1 -1 -1 -1 -1 -1 -1 -1 -1 -1 -1 -1 -1 -1 -1 -1 -1 -1 -1 -1 -1 -1 -1 -1 -1 -1 -1 -1 -1 -1 -1 -1 -1 -1 -1 -1 -1 -1 -1 -1 -1 -1 -1 -1 -1 -1 -1 -1 -1 -1 -1 -1 -1 -1 -1 -1 -1 -1 -1 -1 -1 -1 -1 -1 -1 -1 -1 -1 -1 -1 -1 -1 -1 -1 -1 -1 -1 -1 -1 -1 -1 -1 -1 -1 -1 -1 -1 -1 -1 -1 -1 -1 -1 -1 -1 -1 -1 -1 -1 -1 -1 -1 -1 -1 -1 -1 -1 -1 -1 -1 -1 -1 -1 -1 -1 -1 -1 -1 -1 -1 -1 -1 -1 -1 -1 -1 -1 -1 -1 -1 -1 -1 -1 -1 -1 -1 -1 -1 -1 -1 -1 -1 -1 -1 -1 -1 -1 -1 -1 -1
-1 -1 -1 -1 -1 -1 -1 -1 -1 -1 -1 -1 -1 -1 -1 -1 -1 -1 -1 -1 -1 -1 -1 -1 -1 -1 -1 -1 -1 -1 -1 -1 -1 -1 -1 -1 -1 -1 -1 -1 -1 -1 -1 -1 -1 -1 -1 -1 -1 -1 -1 -1 -1 -1 -1 -1 -1 -1 -1 -1 -1 -1 -1 -1 -1 -1 -1 -1 -1 -1 -1 -1 -1 -1 -1 -1 -1 -1 -1 -1 -1 -1 -1 -1 -1 -1 -1 -1 -1 -1 -1 -1 -1 -1 -1 -1 -1 -1 -1 -1 -1 -1 -1 -1 -1 -1 -1 -1 -1 -1 -1 -1 -1 -1 -1 -1 -1 -1 -1 -1 -1 -1 -1 -1 -1 -1 -1 -1 -1 -1 -1 -1 -1 -1 -1 -1 -1 -1 -1 -1 -1 -1 -1 -1 -1 -1 -1 -1 -1 -1 -1 -1 -1 -1 -1 -1 -1 -1
-1 -1 -1 -1 -1 -1 -1 -1 -1 -1 -1 -1 -1 -1 -1 -1 -1 -1 -1 -1 -1 -1 -1 -1 -1 -1 -1 -1 -1 -1 -1 -1 -1 -1 -1 -1 -1 -1 -1 -1 -1 -1 -1 -1 -1 -1 -1 -1 -1 -1 -1 -1 -1 -1 -1 -1 -1 -1 -1 -1 -1 -1 -1 -1 -1 -1 -1 -1 -1 -1 -1 -1 -1 -1 -1 -1 -1 -1 -1 -1 -1 -1 -1 -1 -1 -1 -1 -1 -1 -1 -1 -1 -1 -1 -1 -1 -1 -1 -1 -1 -1 -1 -1 -1 -1 -1 -1 -1 -1 -1 -1 -1 -1 -1 -1 -1 -1 -1 -1 -1 -1 -1 -1 -1 -1 -1 -1 -1 -1 -1 -1 -1 -1 -1 -1 -1 -1 -1 -1 -1 -1 -1 -1 -1 -1 -1 -1 -1 -1 -1 -1 -1 -1 -1 -1 -1 -1 -1
-1 -1 -1 -1 -1 -1 -1 -1 -1 -1 -1 -1 -1 -1 -1 -1 -1 -1 -1 -1 -1 -1 -1 -1 -1 -1 -1 -1 -1 -1 -1 -1 -1 -1 -1 -1 -1 -1 -1 -1 -1 -1 -1 -1 -1 -1 -1 -1 -1 -1 -1 -1 -1 -1 -1 -1 -1 -1 -1 -1 -1 -1 -1 -1 -1 -1 -1 -1 -1 -1 -1 -1 -1 -1 -1 -1 -1 -1 -1 -1 -1 -1 -1 -1 -1 -1 -1 -1 -1 -1 -1 -1 -1 -1 -1 -1 -1 -1 -1 -1 -1 -1 -1 -1 -1 -1 -1 -1 -1 -1 -1 -1 -1 -1 -1 -1 -1 -1 -1 -1 -1 -1 -1 -1 -1 -1 -1 -1 -1 -1 -1 -1 -1 -1 -1 -1 -1 -1 -1 -1 -1 -1 -1 -1 -1 -1 -1 -1 -1 -1 -1 -1 -1 -1 -1 -1 -1 -1
-1 -1 -1 -1 -1 -1 -1 -1 -1 -1 -1 -1 -1 -1 -1 -1 -1 -1 -1 -1 -1 -1 -1 -1 -1 -1 -1 -1 -1 -1 -1 -1 -1 -1 -1 -1 -1 -1 -1 -1 -1 -1 -1 -1 -1 -1 -1 -1 -1 -1 -1 -1 -1 -1 -1 -1 -1 -1 -1 -1 -1 -1 -1 -1 -1 -1 -1 -1 -1 -1 -1 -1 -1 -1 -1 -1 -1 -1 -1 -1 -1 -1 -1 -1 -1 -1 -1 -1 -1 -1 -1 -1 -1 -1 -1 -1 -1 -1 -1 -1 -1 -1 -1 -1 -1 -1 -1 -1 -1 -1 -1 -1 -1 -1 -1 -1 -1 -1 -1 -1 -1 -1 -1 -1 -1 -1 -1 -1 -1 -1 -1 -1 -1 -1 -1 -1 -1 -1 -1 -1 -1 -1 -1 -1 -1 -1 -1 -1 -1 -1 -1 -1 -1 -1 -1 -1 -1 -1
