Resolution: 0.05000000074505806
Width: 168
Height: 162
Origin: position: 
  x: -1.6
  y: -6.5
  z: 0.0
orientation: 
  x: 0.0
  y: 0.0
  z: 0.0
  w: 1.0
Data:
-1 -1 -1 -1 -1 -1 -1 -1 -1 -1 -1 -1 -1 -1 -1 -1 -1 -1 -1 -1 -1 -1 -1 -1 -1 -1 -1 -1 -1 -1 -1 -1 -1 -1 -1 -1 -1 -1 -1 -1 -1 -1 -1 -1 -1 -1 -1 -1 -1 -1 -1 -1 -1 -1 -1 -1 -1 -1 -1 -1 -1 -1 -1 -1 -1 -1 -1 -1 -1 -1 -1 -1 -1 -1 -1 -1 -1 -1 -1 -1 -1 -1 -1 -1 -1 -1 -1 -1 -1 -1 -1 -1 -1 -1 -1 -1 -1 -1 -1 -1 -1 -1 -1 -1 -1 -1 -1 -1 -1 -1 -1 -1 -1 -1 -1 -1 -1 -1 -1 -1 -1 -1 -1 -1 -1 -1 -1 -1 -1 -1 -1 -1 -1 -1 -1 -1 -1 -1 -1 -1 -1 -1 -1 -1 -1 -1 -1 -1 -1 -1 -1 -1 -1 -1 -1 -1 -1 -1 -1 -1 -1 -1 -1 -1 -1 -1 -1 -1
-1 -1 -1 -1 -1 -1 -1 -1 -1 -1 -1 -1 -1 -1 -1 -1 -1 -1 -1 -1 -1 -1 -1 -1 -1 -1 -1 -1 -1 -1 -1 -1 -1 -1 -1 -1 -1 -1 -1 -1 -1 -1 -1 -1 -1 -1 -1 -1 -1 -1 -1 -1 -1 -1 -1 -1 -1 -1 -1 -1 -1 -1 -1 -1 -1 -1 -1 -1 -1 -1 -1 -1 -1 -1 -1 -1 -1 -1 -1 -1 -1 -1 -1 -1 -1 -1 -1 -1 -1 -1 -1 -1 -1 -1 -1 -1 -1 -1 -1 -1 -1 -1 -1 -1 -1 -1 -1 -1 -1 -1 -1 -1 -1 -1 -1 -1 -1 -1 -1 -1 -1 -1 -1 -1 -1 -1 -1 -1 -1 -1 -1 -1 -1 -1 -1 -1 -1 -1 -1 -1 -1 -1 -1 -1 -1 -1 -1 -1 -1 -1 -1 -1 -1 -1 -1 -1 -1 -1 -1 -1 -1 -1 -1 -1 -1 -1 -1 -1
-1 -1 -1 -1 -1 -1 -1 -1 -1 -1 -1 -1 -1 -1 -1 -1 -1 -1 -1 -1 -1 -1 -1 -1 -1 -1 -1 -1 -1 -1 -1 -1 -1 -1 -1 -1 -1 -1 -1 -1 -1 -1 -1 -1 -1 -1 -1 -1 -1 -1 -1 -1 -1 -1 -1 -1 -1 -1 -1 -1 -1 -1 -1 -1 -1 -1 -1 -1 -1 -1 -1 -1 -1 -1 -1 -1 -1 -1 -1 -1 -1 -1 -1 -1 -1 -1 -1 -1 -1 -1 -1 -1 -1 -1 -1 -1 -1 -1 -1 -1 -1 -1 -1 -1 -1 -1 -1 -1 -1 -1 -1 -1 -1 -1 -1 -1 -1 -1 -1 -1 -1 -1 -1 -1 -1 -1 -1 -1 -1 -1 -1 -1 -1 -1 -1 -1 -1 -1 -1 -1 -1 -1 -1 -1 -1 -1 -1 -1 -1 -1 -1 -1 -1 -1 -1 -1 -1 -1 -1 -1 -1 -1 -1 -1 -1 -1 -1 -1
-1 -1 -1 -1 -1 -1 -1 -1 -1 -1 -1 -1 -1 -1 -1 -1 -1 -1 -1 -1 -1 -1 -1 -1 -1 -1 -1 -1 -1 -1 -1 -1 -1 -1 -1 -1 -1 -1 -1 -1 -1 -1 -1 -1 -1 -1 -1 -1 -1 -1 -1 -1 -1 -1 -1 -1 -1 -1 -1 -1 -1 -1 -1 -1 -1 -1 -1 -1 -1 -1 -1 -1 -1 -1 -1 -1 -1 -1 -1 -1 -1 -1 -1 -1 -1 -1 -1 -1 -1 -1 -1 -1 -1 -1 -1 -1 -1 -1 -1 -1 -1 -1 -1 -1 -1 -1 -1 -1 -1 -1 -1 -1 -1 -1 -1 -1 -1 -1 -1 -1 -1 -1 -1 -1 -1 -1 -1 -1 -1 -1 -1 -1 -1 -1 -1 -1 -1 -1 -1 -1 -1 -1 -1 -1 -1 -1 -1 -1 -1 -1 -1 -1 -1 -1 -1 -1 -1 -1 -1 -1 -1 -1 -1 -1 -1 -1 -1 -1
-1 -1 -1 -1 -1 -1 -1 -1 -1 -1 -1 -1 -1 -1 -1 -1 -1 -1 -1 -1 -1 -1 -1 -1 -1 -1 -1 -1 -1 -1 -1 -1 -1 -1 -1 -1 -1 -1 -1 -1 -1 -1 -1 -1 -1 -1 -1 -1 -1 -1 -1 -1 -1 -1 -1 -1 -1 -1 -1 -1 -1 -1 -1 -1 -1 -1 -1 -1 -1 -1 -1 -1 -1 -1 -1 -1 -1 -1 -1 -1 -1 -1 -1 -1 -1 -1 -1 -1 -1 -1 -1 -1 -1 -1 -1 -1 -1 -1 -1 -1 -1 -1 -1 -1 -1 -1 -1 -1 -1 -1 -1 -1 -1 -1 -1 -1 -1 -1 -1 -1 -1 -1 -1 -1 -1 -1 -1 -1 -1 -1 -1 -1 -1 -1 -1 -1 -1 -1 -1 -1 -1 -1 -1 -1 -1 -1 -1 -1 -1 -1 -1 -1 -1 -1 -1 -1 -1 -1 -1 -1 -1 -1 -1 -1 -1 -1 -1 -1
-1 -1 -1 -1 -1 -1 -1 -1 -1 -1 -1 -1 -1 -1 -1 -1 -1 -1 -1 -1 -1 -1 -1 -1 -1 -1 -1 -1 -1 -1 -1 -1 -1 -1 -1 -1 -1 -1 -1 -1 -1 -1 -1 -1 -1 -1 -1 -1 -1 -1 -1 -1 -1 -1 -1 -1 -1 -1 -1 -1 -1 -1 -1 -1 -1 -1 -1 -1 -1 -1 -1 -1 -1 -1 -1 -1 -1 -1 -1 -1 -1 -1 -1 -1 -1 -1 -1 -1 -1 -1 -1 -1 -1 -1 -1 -1 -1 -1 -1 -1 -1 -1 -1 -1 -1 -1 -1 -1 -1 -1 -1 -1 -1 -1 -1 -1 -1 -1 -1 -1 -1 -1 -1 -1 -1 -1 -1 -1 -1 -1 -1 -1 -1 -1 -1 -1 -1 -1 -1 -1 -1 -1 -1 -1 -1 -1 -1 -1 -1 -1 -1 -1 -1 -1 -1 -1 -1 -1 -1 -1 -1 -1 -1 -1 -1 -1 -1 -1
-1 -1 -1 -1 -1 -1 -1 -1 -1 -1 -1 -1 -1 -1 -1 -1 -1 -1 -1 -1 -1 -1 -1 -1 -1 -1 -1 -1 -1 -1 -1 -1 -1 -1 -1 -1 -1 -1 -1 -1 -1 -1 -1 -1 -1 -1 -1 -1 -1 -1 -1 -1 -1 -1 -1 -1 -1 -1 -1 -1 -1 -1 -1 -1 -1 -1 -1 -1 -1 -1 -1 -1 -1 -1 -1 -1 -1 -1 -1 -1 -1 -1 -1 -1 -1 -1 -1 -1 -1 -1 -1 -1 -1 -1 -1 -1 -1 -1 -1 -1 -1 -1 -1 -1 -1 -1 -1 -1 -1 -1 -1 -1 -1 -1 -1 -1 -1 -1 -1 -1 -1 -1 -1 -1 -1 -1 -1 -1 -1 -1 -1 -1 -1 -1 -1 -1 -1 -1 -1 -1 -1 -1 -1 -1 -1 -1 -1 -1 -1 -1 -1 -1 -1 -1 -1 -1 -1 -1 -1 -1 -1 -1 -1 -1 -1 -1 -1 -1
-1 -1 -1 -1 -1 -1 -1 -1 -1 -1 -1 -1 -1 -1 -1 -1 -1 -1 -1 -1 -1 -1 -1 -1 -1 -1 -1 -1 -1 -1 -1 -1 -1 -1 -1 -1 -1 -1 -1 -1 -1 -1 -1 -1 -1 -1 -1 -1 -1 -1 -1 -1 -1 -1 -1 -1 -1 -1 -1 -1 -1 -1 -1 -1 -1 -1 -1 -1 -1 -1 -1 -1 -1 -1 -1 -1 -1 -1 -1 -1 -1 -1 -1 -1 -1 -1 -1 -1 -1 -1 -1 -1 -1 -1 -1 -1 -1 -1 -1 -1 -1 -1 -1 -1 -1 -1 -1 -1 -1 -1 -1 -1 -1 -1 -1 -1 -1 -1 -1 -1 -1 -1 -1 -1 -1 -1 -1 -1 -1 -1 -1 -1 -1 -1 -1 -1 -1 -1 -1 -1 -1 -1 -1 -1 -1 -1 -1 -1 -1 -1 -1 -1 -1 -1 -1 -1 -1 -1 -1 -1 -1 -1 -1 -1 -1 -1 -1 -1
-1 -1 -1 -1 -1 -1 -1 -1 -1 -1 -1 -1 -1 -1 -1 -1 -1 -1 -1 -1 -1 -1 -1 -1 -1 -1 -1 -1 -1 -1 -1 -1 -1 -1 -1 -1 -1 -1 -1 -1 -1 -1 -1 -1 -1 -1 -1 -1 -1 -1 -1 -1 -1 -1 -1 -1 -1 -1 -1 -1 -1 -1 -1 -1 -1 -1 -1 -1 -1 -1 -1 -1 -1 -1 -1 -1 -1 -1 -1 -1 -1 -1 -1 -1 -1 -1 -1 -1 -1 -1 -1 -1 -1 -1 -1 -1 -1 -1 -1 -1 -1 -1 -1 -1 -1 -1 -1 -1 -1 -1 -1 -1 -1 -1 -1 -1 -1 -1 -1 -1 -1 -1 -1 -1 -1 -1 -1 -1 -1 -1 -1 -1 -1 -1 -1 -1 -1 -1 -1 -1 -1 -1 -1 -1 -1 -1 -1 -1 -1 -1 -1 -1 -1 -1 -1 -1 -1 -1 -1 -1 -1 -1 -1 -1 -1 -1 -1 -1
-1 -1 -1 -1 -1 -1 -1 -1 -1 -1 -1 -1 -1 -1 -1 -1 -1 -1 -1 -1 -1 -1 -1 -1 -1 -1 -1 -1 -1 -1 -1 -1 -1 -1 -1 -1 -1 -1 -1 -1 -1 -1 -1 -1 -1 -1 -1 -1 -1 -1 -1 -1 -1 -1 -1 -1 -1 -1 -1 -1 -1 -1 -1 -1 -1 -1 -1 -1 -1 -1 -1 -1 -1 -1 -1 -1 -1 -1 -1 -1 -1 -1 -1 -1 -1 -1 -1 -1 -1 -1 -1 -1 -1 50 54 64 61 52 50 -1 -1 -1 -1 -1 -1 -1 -1 -1 -1 -1 -1 -1 -1 -1 -1 -1 -1 -1 -1 -1 -1 -1 -1 -1 -1 -1 -1 -1 -1 -1 -1 -1 -1 -1 -1 -1 -1 -1 -1 -1 -1 -1 -1 -1 -1 -1 -1 -1 -1 -1 -1 -1 -1 -1 -1 -1 -1 -1 -1 -1 -1 -1 -1 -1 -1 -1 -1 -1
-1 -1 -1 -1 -1 -1 -1 -1 -1 -1 -1 -1 -1 -1 -1 -1 -1 -1 -1 -1 -1 -1 -1 -1 -1 -1 -1 -1 -1 -1 -1 -1 -1 -1 -1 -1 -1 -1 -1 -1 -1 -1 -1 -1 -1 -1 -1 -1 -1 -1 -1 -1 -1 -1 -1 -1 -1 -1 -1 -1 -1 -1 -1 -1 -1 -1 -1 -1 -1 -1 -1 -1 -1 -1 -1 -1 -1 -1 -1 -1 -1 -1 -1 -1 -1 -1 -1 -1 -1 -1 52 -1 -1 61 62 71 80 64 51 -1 -1 -1 -1 -1 -1 -1 -1 -1 -1 -1 -1 -1 -1 -1 -1 -1 -1 -1 -1 -1 -1 -1 -1 -1 -1 -1 -1 -1 -1 -1 -1 -1 -1 -1 -1 -1 -1 -1 -1 -1 -1 -1 -1 -1 -1 52 65 63 58 50 -1 -1 -1 -1 -1 -1 -1 -1 -1 -1 -1 -1 -1 -1 -1 -1 -1 -1
-1 -1 -1 -1 -1 -1 -1 -1 -1 -1 -1 -1 -1 -1 -1 -1 -1 -1 -1 -1 -1 -1 -1 -1 -1 -1 -1 -1 -1 -1 -1 -1 -1 -1 -1 -1 -1 -1 -1 -1 -1 -1 -1 -1 -1 -1 -1 -1 -1 -1 -1 -1 -1 -1 -1 -1 -1 -1 -1 -1 -1 -1 -1 -1 -1 -1 -1 -1 -1 -1 -1 -1 -1 -1 -1 -1 -1 -1 -1 -1 -1 -1 -1 -1 -1 -1 -1 -1 -1 -1 49 -1 -1 62 76 72 83 51 50 -1 -1 -1 -1 -1 -1 -1 -1 -1 -1 -1 -1 -1 -1 -1 -1 -1 -1 -1 -1 -1 -1 -1 -1 -1 -1 -1 -1 -1 -1 -1 -1 -1 -1 -1 -1 -1 -1 -1 -1 -1 -1 -1 -1 -1 -1 47 66 75 81 51 -1 -1 -1 -1 -1 -1 -1 -1 -1 -1 -1 -1 -1 -1 -1 -1 -1 -1
-1 -1 -1 -1 -1 -1 -1 -1 -1 -1 -1 -1 -1 -1 -1 -1 -1 -1 -1 -1 -1 -1 -1 -1 -1 -1 -1 -1 -1 -1 -1 -1 -1 -1 -1 -1 -1 -1 -1 -1 -1 -1 -1 -1 -1 -1 -1 -1 -1 -1 -1 -1 -1 -1 -1 -1 -1 -1 -1 -1 -1 -1 -1 -1 -1 -1 -1 -1 -1 -1 -1 -1 -1 -1 -1 -1 -1 -1 -1 -1 -1 -1 -1 -1 -1 -1 -1 -1 -1 -1 49 50 51 66 73 66 77 30 49 -1 -1 -1 -1 -1 -1 -1 -1 -1 -1 -1 -1 -1 -1 -1 -1 -1 -1 -1 -1 -1 -1 -1 -1 -1 -1 -1 -1 -1 -1 -1 -1 -1 -1 -1 -1 -1 -1 -1 -1 -1 -1 -1 -1 -1 52 42 46 62 84 62 50 -1 -1 -1 -1 -1 -1 -1 -1 -1 -1 -1 -1 -1 -1 -1 -1 -1
-1 -1 -1 -1 -1 -1 -1 -1 -1 -1 -1 -1 -1 -1 -1 -1 -1 -1 -1 -1 -1 -1 -1 -1 -1 -1 -1 -1 -1 -1 -1 -1 -1 -1 -1 -1 -1 -1 -1 -1 -1 -1 -1 -1 -1 -1 -1 -1 -1 -1 -1 -1 -1 -1 -1 -1 -1 -1 -1 -1 -1 -1 -1 -1 -1 -1 -1 -1 -1 -1 -1 -1 -1 -1 -1 -1 -1 -1 -1 -1 -1 -1 -1 -1 -1 -1 -1 -1 -1 -1 52 57 58 70 76 71 67 33 50 50 -1 -1 -1 -1 -1 -1 -1 -1 -1 -1 -1 -1 -1 -1 -1 -1 -1 -1 -1 -1 -1 -1 -1 -1 -1 -1 -1 -1 -1 -1 -1 -1 -1 -1 -1 -1 -1 -1 -1 -1 -1 -1 -1 -1 53 60 56 54 79 64 50 -1 -1 -1 -1 -1 -1 -1 -1 -1 -1 -1 -1 -1 -1 -1 -1 -1
-1 -1 -1 -1 -1 -1 -1 -1 -1 -1 -1 -1 -1 -1 -1 -1 -1 -1 -1 -1 -1 -1 -1 -1 -1 -1 -1 -1 -1 -1 -1 -1 -1 -1 -1 -1 -1 -1 -1 -1 -1 -1 -1 -1 -1 -1 -1 -1 -1 -1 -1 -1 -1 -1 -1 -1 -1 -1 -1 -1 -1 -1 -1 -1 -1 -1 -1 -1 -1 -1 -1 -1 -1 -1 -1 -1 -1 -1 -1 -1 -1 -1 -1 -1 -1 -1 -1 -1 -1 -1 52 66 62 75 76 49 37 34 49 -1 -1 -1 -1 -1 -1 -1 -1 -1 -1 -1 -1 -1 -1 -1 -1 -1 -1 -1 -1 -1 -1 -1 -1 -1 -1 -1 -1 -1 -1 -1 -1 -1 -1 -1 -1 -1 -1 -1 -1 52 -1 -1 -1 66 74 69 62 54 77 70 -1 -1 -1 -1 -1 -1 -1 -1 -1 -1 -1 -1 -1 -1 -1 -1 -1 -1
-1 -1 -1 -1 -1 -1 -1 -1 -1 -1 -1 -1 -1 -1 -1 -1 -1 -1 -1 -1 -1 -1 -1 -1 -1 -1 -1 -1 -1 -1 -1 -1 -1 -1 -1 -1 -1 -1 -1 -1 -1 -1 -1 -1 -1 -1 -1 -1 -1 -1 -1 -1 -1 -1 -1 -1 -1 -1 -1 -1 -1 -1 -1 -1 -1 -1 -1 -1 -1 -1 -1 -1 -1 -1 -1 -1 -1 -1 -1 -1 -1 -1 -1 -1 -1 -1 -1 -1 -1 -1 51 72 62 75 56 31 28 0 30 49 -1 -1 -1 -1 -1 -1 -1 -1 -1 -1 -1 -1 -1 -1 -1 -1 -1 -1 -1 -1 -1 -1 -1 -1 -1 -1 -1 -1 -1 -1 -1 -1 -1 -1 -1 -1 -1 -1 49 53 53 52 69 75 73 67 43 50 70 75 -1 -1 -1 -1 -1 -1 -1 -1 -1 -1 -1 -1 -1 -1 -1 -1 -1 -1
-1 -1 -1 -1 -1 -1 -1 -1 -1 -1 -1 -1 -1 -1 -1 -1 -1 -1 -1 -1 -1 -1 -1 -1 -1 -1 -1 -1 -1 -1 -1 -1 -1 -1 -1 -1 -1 -1 -1 -1 -1 -1 -1 -1 -1 -1 -1 -1 -1 -1 -1 -1 -1 -1 -1 -1 -1 -1 -1 -1 -1 -1 -1 -1 -1 -1 -1 -1 -1 -1 -1 -1 -1 -1 -1 -1 -1 -1 -1 -1 -1 -1 -1 -1 -1 -1 -1 -1 -1 -1 58 69 55 79 22 15 17 0 10 48 -1 -1 -1 -1 -1 -1 -1 -1 -1 -1 -1 -1 -1 -1 -1 -1 -1 -1 -1 -1 -1 -1 -1 -1 -1 -1 -1 -1 -1 -1 -1 -1 -1 -1 -1 -1 -1 -1 49 60 72 88 87 78 65 38 10 49 57 76 -1 -1 -1 -1 -1 -1 -1 -1 -1 -1 -1 -1 -1 -1 -1 -1 -1 -1
-1 -1 -1 -1 -1 -1 -1 -1 -1 -1 -1 -1 -1 -1 -1 -1 -1 -1 -1 -1 -1 -1 -1 -1 -1 -1 -1 -1 -1 -1 -1 -1 -1 -1 -1 -1 -1 -1 -1 -1 -1 -1 -1 -1 -1 -1 -1 -1 -1 -1 -1 -1 -1 -1 -1 -1 -1 -1 -1 -1 -1 -1 -1 -1 -1 -1 -1 -1 -1 -1 -1 -1 -1 -1 -1 -1 -1 -1 -1 -1 -1 -1 -1 -1 -1 -1 -1 -1 -1 -1 50 75 41 68 47 0 0 0 2 47 -1 -1 -1 -1 -1 -1 -1 -1 -1 -1 -1 -1 -1 -1 -1 -1 -1 -1 -1 -1 -1 -1 -1 -1 -1 -1 -1 -1 -1 -1 -1 -1 -1 -1 -1 -1 -1 -1 49 43 26 32 50 50 30 8 7 49 50 77 -1 -1 -1 -1 -1 -1 -1 -1 -1 -1 -1 -1 -1 -1 -1 -1 -1 -1
-1 -1 -1 -1 -1 -1 -1 -1 -1 -1 -1 -1 -1 -1 -1 -1 -1 -1 -1 -1 -1 -1 -1 -1 -1 -1 -1 -1 -1 -1 -1 -1 -1 -1 -1 -1 -1 -1 -1 -1 -1 -1 -1 -1 -1 -1 -1 -1 -1 -1 -1 -1 -1 -1 -1 -1 -1 -1 -1 -1 -1 -1 -1 -1 -1 -1 -1 -1 -1 -1 -1 -1 -1 -1 -1 -1 -1 -1 -1 -1 -1 -1 -1 -1 -1 -1 -1 -1 -1 -1 54 56 41 58 16 0 0 0 0 51 -1 -1 -1 -1 -1 -1 -1 -1 -1 -1 -1 -1 -1 -1 -1 -1 -1 -1 -1 -1 -1 -1 -1 -1 -1 -1 -1 -1 -1 -1 -1 -1 48 55 -1 -1 -1 -1 43 49 28 14 4 6 7 6 9 48 51 77 -1 -1 -1 -1 -1 -1 -1 -1 -1 -1 -1 -1 -1 -1 -1 -1 -1 -1
-1 -1 -1 -1 -1 -1 -1 -1 -1 -1 -1 -1 -1 -1 -1 -1 -1 -1 -1 -1 -1 -1 -1 -1 -1 -1 -1 -1 -1 -1 -1 -1 -1 -1 -1 -1 -1 -1 -1 -1 -1 -1 -1 -1 -1 -1 -1 -1 -1 -1 55 -1 -1 -1 -1 -1 -1 -1 -1 -1 -1 -1 -1 -1 -1 -1 -1 -1 -1 -1 -1 -1 -1 -1 -1 -1 -1 -1 -1 -1 -1 -1 -1 -1 -1 -1 -1 -1 -1 -1 48 51 65 42 11 14 11 0 0 31 -1 -1 50 50 50 50 50 -1 -1 -1 -1 -1 -1 -1 -1 -1 -1 -1 -1 -1 -1 -1 -1 -1 -1 -1 -1 -1 52 52 -1 48 48 -1 -1 -1 -1 49 48 30 19 6 3 4 5 6 10 50 55 76 -1 -1 -1 -1 -1 -1 -1 -1 -1 -1 -1 -1 -1 -1 -1 -1 -1 -1
-1 -1 -1 -1 -1 -1 -1 -1 -1 -1 -1 -1 -1 -1 -1 -1 -1 -1 -1 -1 -1 -1 -1 -1 -1 -1 -1 -1 -1 -1 -1 -1 -1 -1 -1 -1 -1 -1 -1 -1 -1 -1 -1 -1 -1 -1 -1 -1 -1 -1 55 54 -1 -1 -1 -1 -1 -1 -1 -1 -1 -1 -1 -1 -1 -1 -1 -1 -1 -1 -1 -1 -1 -1 -1 -1 -1 -1 -1 -1 -1 -1 -1 -1 -1 -1 -1 -1 -1 50 61 74 83 50 43 59 38 29 19 51 72 69 68 68 67 67 68 69 69 72 74 76 74 75 76 75 77 77 77 78 78 79 76 73 72 71 73 69 68 65 65 61 58 57 55 55 53 53 51 29 9 2 3 4 5 7 11 51 61 76 -1 -1 -1 -1 -1 -1 -1 -1 -1 -1 -1 -1 -1 -1 -1 -1 -1 -1
-1 -1 -1 -1 -1 52 -1 -1 -1 -1 -1 -1 -1 -1 -1 -1 -1 -1 -1 -1 -1 -1 -1 -1 -1 -1 -1 -1 -1 -1 -1 -1 -1 -1 -1 -1 -1 -1 -1 -1 -1 -1 -1 -1 -1 -1 -1 -1 50 50 67 63 52 -1 -1 -1 -1 -1 -1 -1 -1 -1 -1 -1 -1 -1 -1 -1 -1 -1 -1 -1 -1 -1 -1 -1 -1 -1 50 -1 -1 -1 -1 55 64 66 68 72 82 88 90 92 91 73 78 80 73 53 60 87 93 93 94 94 94 95 95 95 94 92 93 93 92 92 93 93 93 93 93 93 92 88 90 90 88 89 91 93 92 93 93 91 92 92 92 92 89 89 82 56 11 2 3 4 6 10 13 36 67 77 -1 -1 -1 -1 -1 -1 -1 -1 -1 -1 -1 -1 -1 -1 -1 -1 -1 -1
-1 -1 -1 -1 -1 54 -1 -1 -1 -1 -1 -1 -1 -1 -1 -1 -1 -1 -1 -1 -1 -1 -1 -1 -1 -1 -1 -1 -1 -1 -1 -1 -1 -1 -1 -1 -1 -1 -1 -1 -1 -1 -1 -1 -1 -1 -1 -1 52 59 65 52 48 -1 -1 -1 -1 -1 -1 -1 -1 -1 -1 -1 -1 -1 -1 -1 -1 -1 50 51 51 51 53 53 52 51 60 73 74 78 80 80 75 80 82 89 87 89 90 87 81 79 83 44 55 20 0 27 44 44 45 44 46 47 46 42 38 31 32 18 5 0 0 0 0 0 2 0 0 0 0 7 3 10 24 34 35 37 38 38 47 47 50 55 56 57 48 33 2 3 4 5 6 11 15 20 66 77 51 -1 -1 -1 -1 -1 -1 -1 -1 -1 -1 -1 -1 -1 -1 -1 -1 -1
-1 -1 -1 -1 -1 53 52 -1 -1 -1 -1 -1 -1 -1 -1 -1 -1 -1 -1 -1 -1 -1 -1 -1 -1 -1 -1 -1 -1 -1 -1 -1 -1 -1 -1 -1 -1 -1 -1 -1 -1 -1 -1 -1 -1 -1 -1 -1 58 64 60 58 53 -1 -1 -1 -1 -1 -1 -1 -1 -1 -1 51 51 51 52 55 57 57 57 58 64 75 79 81 81 82 86 84 80 76 71 70 73 75 73 55 27 15 0 0 0 0 0 0 0 0 0 0 0 0 0 0 0 0 0 0 0 0 0 0 0 0 0 0 0 0 0 0 0 0 0 0 0 0 0 0 0 0 0 0 0 0 0 0 0 0 1 1 2 3 4 5 7 12 17 18 66 74 56 -1 -1 -1 -1 -1 -1 -1 -1 -1 -1 -1 -1 -1 -1 -1 -1 -1
-1 -1 -1 -1 -1 51 48 -1 -1 -1 -1 -1 -1 -1 -1 -1 -1 -1 -1 -1 -1 -1 -1 -1 -1 -1 -1 -1 -1 -1 -1 -1 -1 -1 -1 -1 -1 -1 -1 -1 -1 -1 -1 -1 -1 -1 -1 53 68 69 44 57 47 50 50 -1 51 52 53 54 55 60 66 67 62 63 68 77 78 79 80 82 87 81 73 68 65 68 66 53 39 35 36 33 21 16 8 0 0 0 0 0 0 0 0 0 0 0 0 0 0 0 0 0 0 0 0 0 0 0 0 0 0 0 0 0 0 0 0 0 0 0 0 0 0 0 0 0 0 0 0 0 0 0 0 0 0 0 1 1 2 3 4 6 10 13 17 19 65 73 61 -1 -1 -1 -1 -1 -1 -1 -1 -1 -1 -1 -1 -1 -1 -1 -1 -1
-1 -1 -1 -1 -1 56 50 49 -1 -1 -1 -1 -1 -1 -1 -1 -1 -1 -1 -1 -1 -1 -1 -1 -1 -1 -1 -1 -1 -1 -1 -1 -1 -1 -1 -1 -1 -1 -1 -1 -1 -1 -1 -1 -1 -1 -1 55 66 55 37 47 44 50 59 62 62 70 69 70 71 81 76 74 75 81 84 76 65 62 62 60 51 38 28 27 27 22 13 13 13 13 12 11 11 11 8 0 0 0 0 0 0 0 0 0 0 0 0 0 0 0 0 0 0 0 0 0 0 0 0 0 0 0 0 0 0 0 0 0 0 0 0 0 0 0 0 0 0 0 0 0 0 0 0 0 0 0 1 0 3 3 5 6 11 15 18 19 65 71 65 -1 -1 -1 -1 -1 -1 -1 -1 -1 -1 -1 -1 -1 -1 -1 -1 -1
-1 -1 -1 -1 -1 51 44 49 -1 -1 -1 -1 -1 -1 -1 -1 -1 -1 -1 -1 -1 -1 -1 -1 -1 -1 -1 -1 -1 -1 -1 -1 -1 -1 -1 -1 -1 -1 -1 -1 -1 -1 -1 -1 -1 -1 -1 53 64 54 33 44 59 64 71 76 75 68 66 67 71 59 49 49 55 57 45 27 25 24 22 15 14 14 14 14 14 15 13 13 13 13 13 11 11 13 10 0 0 0 0 0 0 0 0 0 0 0 0 0 0 0 0 0 0 0 0 0 0 0 0 0 0 0 0 0 0 0 0 0 0 0 0 0 0 0 0 0 0 0 0 0 0 0 0 0 0 0 1 1 3 4 5 7 12 17 18 19 62 65 68 -1 -1 -1 -1 -1 -1 -1 -1 -1 -1 -1 -1 -1 -1 -1 -1 -1
-1 -1 -1 -1 -1 51 52 47 -1 -1 -1 -1 -1 -1 -1 -1 -1 -1 -1 -1 -1 -1 -1 -1 -1 -1 -1 -1 -1 -1 -1 -1 -1 -1 -1 -1 -1 -1 -1 -1 -1 -1 -1 -1 -1 -1 -1 51 64 52 40 26 47 63 62 52 40 40 36 32 33 28 26 25 26 23 22 17 17 16 16 15 15 14 14 14 14 15 13 13 13 13 13 12 11 13 11 5 0 0 0 0 0 0 0 0 0 0 0 0 0 0 0 0 0 0 0 0 0 0 0 0 0 0 0 0 0 0 0 0 0 0 0 0 0 0 0 0 0 0 0 0 0 0 0 0 0 1 1 2 3 4 6 10 15 18 19 19 58 60 69 -1 -1 -1 -1 -1 -1 -1 -1 -1 -1 -1 -1 -1 -1 -1 -1 -1
-1 -1 -1 -1 -1 56 52 51 49 -1 -1 -1 -1 -1 -1 -1 -1 -1 -1 -1 -1 -1 -1 -1 -1 -1 -1 -1 -1 -1 -1 -1 -1 -1 -1 -1 -1 -1 -1 -1 -1 -1 -1 -1 -1 -1 -1 -1 64 49 45 26 26 26 26 27 28 28 28 28 27 27 27 29 27 24 20 18 17 16 16 16 15 14 14 14 14 15 14 13 13 13 13 13 11 13 13 8 0 0 0 0 0 0 0 0 0 0 0 0 0 0 0 0 0 0 0 0 0 0 0 0 0 0 0 0 0 0 0 0 0 0 0 0 0 0 0 0 0 0 0 0 0 0 0 0 0 1 0 3 3 5 6 12 16 18 19 19 59 63 69 -1 -1 -1 -1 -1 -1 -1 -1 -1 -1 -1 -1 -1 -1 -1 -1 -1
-1 -1 -1 -1 -1 46 44 47 48 -1 -1 -1 -1 -1 -1 -1 -1 -1 -1 -1 -1 -1 -1 -1 -1 -1 -1 -1 -1 -1 -1 -1 -1 -1 -1 -1 -1 -1 -1 -1 -1 50 51 51 51 52 63 73 81 69 39 26 26 26 26 28 28 28 28 28 28 27 27 30 29 27 23 20 18 16 16 16 15 15 14 14 14 14 14 13 13 13 13 13 12 13 13 9 0 0 0 0 0 0 0 0 0 0 0 0 0 0 0 0 0 0 0 0 0 0 0 0 0 0 0 0 0 0 0 0 0 0 0 0 0 0 0 0 0 0 0 0 0 0 0 0 0 1 1 3 4 5 9 14 17 19 19 19 59 71 67 -1 -1 -1 -1 -1 -1 -1 -1 -1 -1 -1 -1 -1 -1 -1 -1 -1
-1 -1 -1 -1 -1 52 45 51 47 -1 -1 -1 -1 -1 -1 -1 -1 -1 -1 -1 -1 -1 -1 -1 -1 -1 -1 -1 -1 -1 -1 -1 -1 51 51 51 51 51 52 52 53 56 66 70 69 73 72 57 66 41 29 26 26 26 26 27 28 28 28 28 28 28 27 31 30 29 27 23 19 17 16 16 16 15 15 14 14 14 14 14 13 13 13 13 12 13 13 10 4 0 0 0 0 0 0 0 0 0 0 0 0 0 0 0 0 0 0 0 0 0 0 0 0 0 0 0 0 0 0 0 0 0 0 0 0 0 0 0 0 0 0 0 0 0 0 0 0 0 2 3 4 6 10 15 18 19 19 19 50 78 67 -1 -1 -1 -1 -1 -1 -1 -1 -1 -1 -1 -1 -1 -1 -1 -1 -1
-1 -1 -1 -1 -1 -1 56 58 50 -1 -1 -1 -1 -1 -1 -1 -1 -1 -1 -1 -1 50 50 50 -1 -1 -1 51 52 52 52 51 53 53 52 52 53 62 64 65 69 68 57 47 54 52 48 45 47 28 27 26 26 26 26 27 28 28 28 28 28 28 31 31 31 30 29 27 22 18 17 16 16 16 15 15 14 14 14 14 13 13 13 13 13 13 13 11 7 0 0 0 0 0 0 0 0 0 0 0 0 0 0 0 0 0 0 0 0 0 0 0 0 0 0 0 0 0 0 0 0 0 0 0 0 0 0 0 0 0 0 0 0 0 0 0 1 0 3 3 5 7 13 16 18 19 19 19 42 79 65 -1 -1 -1 -1 -1 -1 -1 -1 -1 -1 -1 -1 -1 -1 -1 -1 -1
-1 -1 -1 -1 -1 -1 46 58 42 48 -1 -1 -1 -1 51 51 51 50 50 50 50 52 52 52 52 52 53 52 52 52 52 52 54 61 60 60 63 58 50 50 51 47 45 44 48 43 40 40 36 28 27 26 26 26 26 27 28 28 28 28 28 28 31 31 31 31 30 28 25 21 18 16 16 16 15 15 14 13 14 14 14 14 13 13 13 13 11 11 9 0 0 0 0 0 0 0 0 0 0 0 0 0 0 0 0 0 0 0 0 0 0 0 0 0 0 0 0 0 0 0 0 0 0 0 0 0 0 0 0 0 0 0 0 0 0 0 1 0 3 3 5 9 14 18 19 19 19 19 27 80 65 50 -1 -1 -1 -1 -1 -1 -1 -1 -1 -1 -1 -1 -1 -1 -1 -1
-1 -1 -1 -1 -1 -1 51 55 40 46 51 51 51 51 52 52 52 52 52 52 53 52 51 51 52 52 51 50 50 55 60 63 64 56 51 46 47 47 44 46 43 42 41 40 41 34 33 32 28 28 28 27 26 26 26 27 27 28 28 29 28 28 31 31 31 31 31 30 27 23 20 18 16 16 16 15 14 13 14 14 14 14 13 13 13 14 12 11 13 5 0 0 0 0 0 0 0 0 0 0 0 0 0 0 0 0 0 0 0 0 0 0 0 0 0 0 0 0 0 0 0 0 0 0 0 0 0 0 0 0 0 0 0 0 0 0 0 1 3 4 7 11 16 18 19 19 19 20 21 80 64 51 -1 -1 -1 -1 -1 -1 -1 -1 -1 -1 -1 -1 -1 -1 -1 -1
-1 -1 -1 -1 -1 -1 54 55 42 45 49 50 52 52 51 51 51 51 48 53 51 52 52 55 55 60 69 67 65 62 50 43 43 42 42 44 43 42 41 42 40 38 37 36 37 35 34 33 28 29 29 27 27 27 27 27 27 28 28 29 28 31 31 31 31 31 31 31 29 26 23 19 17 16 16 16 15 14 14 14 14 14 14 13 13 14 12 11 13 8 0 0 0 0 0 0 0 0 0 0 0 0 0 0 0 0 0 0 0 0 0 0 0 0 0 0 0 0 0 0 0 0 0 0 0 0 0 0 0 0 0 0 0 0 0 0 0 3 3 5 8 14 17 18 19 19 19 20 20 79 65 54 -1 -1 -1 -1 -1 -1 -1 -1 -1 -1 -1 -1 -1 -1 -1 -1
-1 -1 -1 -1 -1 -1 51 66 44 43 48 48 50 53 51 50 52 55 55 58 58 63 62 60 57 55 40 45 39 41 44 41 41 41 41 41 42 41 40 40 40 39 38 36 37 36 34 33 29 30 29 27 27 27 27 27 27 28 28 29 28 31 31 31 31 31 31 31 30 29 26 22 19 16 16 16 15 14 14 14 14 14 14 13 13 13 12 12 13 11 0 0 0 0 0 0 0 0 0 0 0 0 0 0 0 0 0 0 0 0 0 0 0 0 0 0 0 0 0 0 0 0 0 0 0 0 0 0 0 0 0 0 0 0 0 1 1 3 4 6 10 15 18 19 19 19 20 20 22 74 69 58 -1 -1 -1 -1 -1 -1 -1 -1 -1 -1 -1 -1 -1 -1 -1 -1
-1 -1 -1 -1 -1 -1 54 64 49 40 45 52 55 56 60 63 60 60 64 56 54 48 44 45 40 40 40 40 38 40 43 42 41 41 41 41 42 41 41 41 40 40 38 37 38 36 34 32 30 30 30 28 27 27 28 28 27 27 28 29 28 31 31 31 31 31 31 31 30 30 29 26 21 18 16 16 15 15 15 14 14 15 14 14 13 13 13 12 13 12 6 0 0 0 0 0 0 0 0 0 0 0 0 0 0 0 0 0 0 0 0 0 0 0 0 0 0 0 0 0 0 0 0 0 0 0 0 0 0 0 0 0 0 0 0 0 1 4 4 7 13 16 18 19 19 19 20 20 22 67 72 60 -1 -1 -1 -1 -1 -1 -1 -1 -1 -1 -1 -1 -1 -1 -1 -1
-1 -1 -1 -1 -1 -1 54 55 49 35 45 65 62 61 65 55 53 51 44 38 38 38 38 38 38 40 40 40 38 40 43 43 41 41 41 41 41 41 41 41 41 41 39 38 38 37 35 32 31 31 31 29 29 28 28 28 28 27 29 29 30 31 31 31 31 31 31 31 31 30 30 28 25 21 18 16 15 15 15 15 14 15 15 14 13 13 13 12 13 13 9 0 0 0 0 0 0 0 0 0 0 0 0 0 0 0 0 0 0 0 0 0 0 0 0 0 0 0 0 0 0 0 0 0 0 0 0 0 0 0 0 0 0 0 0 1 3 4 6 8 15 18 19 19 19 20 20 21 23 62 71 59 -1 -1 -1 -1 -1 -1 -1 -1 -1 -1 -1 -1 -1 -1 -1 -1
-1 -1 -1 -1 -1 -1 47 55 46 39 54 51 52 46 36 36 37 38 38 38 38 38 38 40 38 40 40 40 40 40 43 43 42 41 41 41 41 41 41 41 41 41 40 38 39 37 36 32 32 32 31 30 29 29 29 28 28 28 28 29 31 31 31 31 31 31 31 31 31 31 30 30 28 24 21 17 16 15 16 15 15 15 15 14 13 13 13 13 13 13 11 1 0 0 0 0 0 0 0 0 0 0 0 0 0 0 0 0 0 0 0 0 0 0 0 0 0 0 0 0 0 0 0 0 0 0 0 0 0 0 0 0 0 0 1 1 3 4 6 10 16 18 19 19 19 20 20 21 24 62 73 58 -1 -1 -1 -1 -1 -1 -1 -1 -1 -1 -1 -1 -1 -1 -1 -1
-1 -1 -1 -1 -1 -1 57 64 44 42 35 35 36 36 36 36 37 37 38 38 38 38 38 38 40 40 40 40 40 40 43 43 43 42 41 41 41 41 41 41 41 41 40 38 39 38 37 32 33 32 32 31 30 31 30 30 28 28 29 30 31 31 31 31 31 31 31 31 31 31 31 30 29 27 24 18 16 15 16 15 15 15 15 14 13 14 13 13 13 13 13 6 0 0 0 0 0 0 0 0 0 0 0 0 0 0 0 0 0 0 0 0 0 0 0 0 0 0 0 0 0 0 0 0 0 0 0 0 0 0 0 0 0 0 0 1 4 4 7 14 16 19 19 19 20 20 21 21 24 62 75 57 -1 -1 -1 -1 -1 -1 -1 -1 -1 -1 -1 -1 -1 -1 -1 -1
-1 -1 -1 -1 -1 -1 -1 54 55 42 35 35 35 36 36 36 37 37 38 38 38 38 38 38 40 40 40 40 40 40 43 43 43 43 41 41 41 41 41 41 41 41 40 38 38 38 37 33 33 33 33 32 31 31 31 30 30 29 29 30 32 31 31 31 31 31 31 31 31 31 31 31 30 28 25 22 18 16 16 16 15 15 15 14 14 14 13 13 14 13 13 10 0 0 0 0 0 0 0 0 0 0 0 0 0 0 0 0 0 0 0 0 0 0 0 0 0 0 0 0 0 0 0 0 0 0 0 0 0 0 0 0 0 0 0 1 4 6 8 15 18 19 19 19 20 20 21 21 25 62 80 56 -1 -1 -1 -1 -1 -1 -1 -1 -1 -1 -1 -1 -1 -1 -1 -1
-1 -1 -1 -1 -1 -1 52 58 56 42 35 35 35 36 36 36 36 37 38 38 38 38 38 38 40 40 40 40 40 41 44 43 43 43 42 41 41 41 41 40 41 41 40 38 38 38 38 34 33 33 33 32 31 32 31 31 30 31 30 33 32 32 31 31 31 31 31 31 31 31 31 31 31 30 27 25 21 18 16 16 16 16 15 14 15 14 14 13 15 13 13 12 0 0 0 0 0 0 0 0 0 0 0 0 0 0 0 0 0 0 0 0 0 0 0 0 0 0 0 0 0 0 0 0 0 0 0 0 0 0 0 0 0 0 1 3 4 6 11 16 19 19 19 20 20 21 21 21 24 51 84 56 -1 -1 -1 -1 -1 -1 -1 -1 -1 -1 -1 -1 -1 -1 -1 -1
-1 -1 -1 -1 -1 -1 -1 53 62 42 35 35 35 35 36 36 36 37 37 38 38 38 38 38 40 40 40 40 40 41 45 44 43 43 43 42 41 41 41 41 41 41 40 40 38 38 35 34 34 34 33 33 31 32 32 32 31 31 31 34 33 33 32 32 31 31 31 31 31 31 31 31 31 31 29 27 25 20 17 16 16 17 15 14 15 15 14 15 15 12 13 12 7 0 0 0 0 0 0 0 0 0 0 0 0 0 0 0 0 0 0 0 0 0 0 0 0 0 0 0 0 0 0 0 0 0 0 0 0 0 0 0 0 0 1 4 4 8 14 17 19 19 19 20 20 21 21 21 23 43 85 58 51 -1 -1 -1 -1 -1 -1 -1 -1 -1 -1 -1 -1 -1 -1 -1
-1 -1 -1 -1 -1 -1 -1 56 57 41 35 35 35 35 36 36 36 36 37 38 38 38 38 38 40 40 40 40 40 41 45 44 43 43 43 42 42 41 41 41 40 41 40 40 38 38 35 34 34 34 34 34 33 33 32 32 32 33 31 35 33 34 33 32 32 31 31 31 31 31 31 31 31 31 30 29 27 25 20 17 16 17 15 15 15 15 14 15 15 13 13 13 11 0 0 0 0 0 0 0 0 0 0 0 0 0 0 0 0 0 0 0 0 0 0 0 0 0 0 0 0 0 0 0 0 0 0 0 0 0 0 0 0 0 1 4 6 9 16 18 19 19 19 20 21 21 21 21 21 33 84 58 50 -1 -1 -1 -1 -1 -1 -1 -1 -1 -1 -1 -1 -1 -1 -1
-1 -1 -1 -1 -1 -1 -1 51 62 41 35 35 35 35 35 36 36 36 37 37 38 38 38 38 38 40 40 40 40 41 45 45 44 43 43 43 42 41 41 41 40 40 40 40 38 38 34 34 34 34 34 34 34 34 33 33 33 33 36 35 34 34 34 33 33 32 31 31 31 31 31 31 31 30 30 30 29 27 24 20 17 16 16 15 15 15 15 15 14 15 13 14 12 1 0 0 0 0 0 0 0 0 0 0 0 0 0 0 0 0 0 0 0 0 0 0 0 0 0 0 0 0 0 0 0 0 0 0 0 0 0 0 0 0 3 4 7 12 17 19 19 19 20 20 21 21 21 21 21 33 82 60 51 -1 -1 -1 -1 -1 -1 -1 -1 -1 -1 -1 -1 -1 -1 -1
-1 -1 -1 -1 -1 -1 -1 62 64 44 35 35 35 35 35 35 36 36 36 37 38 38 38 38 38 40 40 40 41 41 45 45 44 44 43 43 42 42 41 41 41 40 40 40 40 38 34 34 35 34 34 34 34 34 34 33 34 34 36 36 35 35 35 34 34 33 32 31 31 31 31 31 31 30 30 30 30 29 26 24 18 16 16 16 15 15 15 15 14 15 15 14 13 9 0 0 0 0 0 0 0 0 0 0 0 0 0 0 0 0 0 0 0 0 0 0 0 0 0 0 0 0 0 0 0 0 0 0 0 0 0 0 0 1 4 4 7 13 18 19 19 19 20 21 21 21 21 21 21 33 79 64 52 -1 -1 -1 -1 -1 -1 -1 -1 -1 -1 -1 -1 -1 -1 -1
-1 -1 -1 -1 -1 -1 -1 51 64 47 36 35 35 35 35 35 36 36 36 37 38 38 38 38 38 40 40 40 41 42 45 45 45 44 44 43 43 42 42 41 41 40 38 40 40 38 34 34 35 34 34 34 35 34 34 34 35 34 38 36 35 35 36 35 34 34 32 31 31 31 31 31 31 30 30 30 30 30 29 27 22 17 16 16 16 15 15 15 14 15 15 14 13 12 0 0 0 0 0 0 0 0 0 0 0 0 0 0 0 0 0 0 0 0 0 0 0 0 0 0 0 0 0 0 0 0 0 0 0 0 0 0 0 1 4 6 11 16 18 19 19 20 21 21 21 21 21 21 22 32 73 71 53 -1 -1 -1 -1 -1 -1 -1 -1 -1 -1 -1 -1 -1 -1 -1
-1 -1 -1 -1 -1 -1 -1 49 67 45 38 35 35 35 35 35 35 36 36 36 37 38 38 38 38 40 40 40 41 42 45 45 45 45 44 43 43 42 42 41 41 41 38 38 40 38 34 35 35 34 34 34 35 34 34 34 35 38 38 38 36 36 36 36 35 35 33 32 32 31 31 31 31 30 30 30 30 30 30 29 25 20 17 16 17 15 15 15 14 15 15 15 13 13 1 0 0 0 0 0 0 0 0 0 0 0 0 0 0 0 0 0 0 0 0 0 0 0 0 0 0 0 0 0 0 0 0 0 0 0 0 0 0 3 4 7 13 17 19 19 19 21 21 21 21 21 21 21 22 31 65 71 54 -1 -1 -1 -1 -1 -1 -1 -1 -1 -1 -1 -1 -1 -1 -1
-1 -1 -1 -1 -1 -1 -1 -1 70 49 37 35 35 35 35 35 35 36 36 36 37 38 38 38 38 38 40 40 41 42 46 45 45 45 44 44 43 43 42 42 41 41 38 38 38 36 34 35 35 34 34 34 35 34 34 35 35 38 38 38 37 37 37 36 36 36 34 33 33 32 31 31 30 30 30 30 30 30 30 31 29 25 20 17 17 17 15 15 15 15 16 15 14 13 10 0 0 0 0 0 0 0 0 0 0 0 0 0 0 0 0 0 0 0 0 0 0 0 0 0 0 0 0 0 0 0 0 0 0 0 0 0 0 3 4 8 16 18 19 19 20 21 21 21 21 21 21 22 22 32 64 71 53 -1 -1 -1 -1 -1 -1 -1 -1 -1 -1 -1 -1 -1 -1 -1
-1 -1 -1 -1 -1 -1 -1 -1 67 48 38 36 36 36 35 35 35 35 36 36 36 37 38 38 38 38 40 40 41 42 46 46 45 45 45 44 44 43 42 42 42 41 38 38 38 36 34 35 35 34 34 35 35 34 34 35 35 38 38 38 38 37 37 38 37 36 35 34 34 33 32 31 30 30 30 30 30 30 30 29 29 29 25 20 18 17 16 15 15 16 15 15 15 14 13 0 0 0 0 0 0 0 0 0 0 0 0 0 0 0 0 0 0 0 0 0 0 0 0 0 0 0 0 0 0 0 0 0 0 0 0 0 1 4 6 12 17 19 19 19 21 21 21 21 21 21 22 22 22 33 65 72 53 -1 -1 -1 -1 -1 -1 -1 -1 -1 -1 -1 -1 -1 -1 -1
-1 -1 -1 -1 -1 -1 -1 -1 62 42 38 35 36 36 36 36 35 35 36 36 36 37 38 38 38 38 40 40 41 42 46 46 45 45 45 45 44 43 43 42 42 41 40 38 38 34 34 35 35 35 34 35 35 34 34 35 35 38 38 38 38 38 37 38 38 37 36 35 35 34 33 32 31 30 30 30 30 30 30 29 30 29 28 25 20 16 17 15 16 16 15 15 15 14 13 2 0 0 0 0 0 0 0 0 0 0 0 0 0 0 0 0 0 0 0 0 0 0 0 0 0 0 0 0 0 0 0 0 0 0 0 0 2 4 7 13 18 19 19 20 21 21 21 21 21 21 22 22 22 33 67 75 53 -1 -1 -1 -1 -1 -1 -1 -1 -1 -1 -1 -1 -1 -1 -1
-1 -1 -1 -1 -1 -1 -1 -1 68 55 38 36 36 36 36 36 36 36 36 37 36 37 38 38 38 38 40 40 40 42 46 46 46 45 45 45 44 44 43 42 42 42 40 38 38 34 35 35 35 35 34 35 35 34 34 35 38 38 38 38 38 38 38 38 38 38 36 36 36 35 34 33 32 31 31 30 30 30 30 29 30 30 29 28 25 18 17 16 16 15 16 16 16 15 14 10 0 0 0 0 0 0 0 0 0 0 0 0 0 0 0 0 0 0 0 0 0 0 0 0 0 0 0 0 0 0 0 0 0 0 0 0 3 5 9 16 18 19 19 21 21 21 21 21 21 22 22 22 22 33 67 78 53 -1 -1 -1 -1 -1 -1 -1 -1 -1 -1 -1 -1 -1 -1 -1
-1 -1 -1 -1 -1 -1 -1 -1 65 55 39 36 36 37 37 37 36 36 36 37 37 37 38 39 38 38 40 40 40 42 45 46 46 46 45 45 45 44 44 43 42 42 40 38 38 34 34 35 35 35 34 35 35 34 35 35 38 38 38 38 38 38 38 38 38 38 37 37 36 36 35 34 33 32 31 31 30 30 29 29 30 30 31 29 27 23 18 17 16 16 16 16 16 16 14 13 0 0 0 0 0 0 0 0 0 0 0 0 0 0 0 0 0 0 0 0 0 0 0 0 0 0 0 0 0 0 0 0 0 0 0 0 4 7 12 18 19 19 20 21 21 21 21 21 22 22 22 22 22 33 59 80 52 -1 -1 -1 -1 -1 -1 -1 -1 -1 -1 -1 -1 -1 -1 -1
-1 -1 -1 -1 -1 -1 -1 -1 62 53 39 36 36 36 37 37 37 37 37 37 37 37 38 39 39 40 40 42 41 42 45 46 46 46 45 45 45 44 44 43 42 42 40 38 38 34 34 35 35 35 34 35 35 34 35 35 38 38 38 38 38 38 38 38 38 38 38 38 37 37 36 35 34 33 32 31 31 30 29 29 30 30 31 30 29 27 21 18 17 17 16 17 16 16 15 14 4 0 0 0 0 0 0 0 0 0 0 0 0 0 0 0 0 0 0 0 0 0 0 0 0 0 0 0 0 0 0 0 0 0 0 2 4 7 13 18 19 19 20 21 21 21 21 21 22 22 22 22 22 33 69 82 53 -1 -1 -1 -1 -1 -1 -1 -1 -1 -1 -1 -1 -1 -1 -1
-1 -1 -1 -1 -1 -1 -1 -1 62 60 38 37 36 36 36 37 37 37 37 37 38 38 38 40 39 39 40 42 42 44 46 47 46 46 46 45 45 45 44 44 43 42 40 40 36 34 34 34 35 35 36 35 35 35 35 38 38 38 38 38 38 38 38 38 38 38 38 38 38 37 37 36 35 35 34 33 32 31 29 29 30 30 31 30 31 29 27 20 17 18 17 17 17 16 16 16 11 0 0 0 0 0 0 0 0 0 0 0 0 0 0 0 0 0 0 0 0 0 0 0 0 0 0 0 0 0 0 0 0 0 0 3 5 10 16 19 19 20 21 21 21 21 21 22 22 22 22 22 20 15 67 85 69 52 -1 -1 -1 -1 -1 -1 -1 -1 -1 -1 -1 -1 -1 -1
-1 -1 -1 -1 -1 -1 -1 -1 56 60 40 38 37 36 36 37 37 37 37 37 37 38 38 39 40 40 41 43 42 42 46 47 47 47 47 47 45 45 45 44 44 42 40 38 37 34 34 35 34 35 36 35 35 36 35 38 38 38 38 38 38 38 38 38 38 38 38 38 38 38 38 36 36 35 35 34 33 31 31 29 30 30 30 30 31 31 30 25 20 18 19 17 17 16 16 16 15 0 0 0 0 0 0 0 0 0 0 0 0 0 0 0 0 0 0 0 0 0 0 0 0 0 0 0 0 0 0 0 0 0 0 4 7 13 18 19 19 20 21 21 21 21 22 22 22 22 22 22 15 0 64 87 77 53 -1 -1 -1 -1 -1 -1 -1 -1 -1 -1 -1 -1 -1 -1
-1 -1 -1 -1 -1 -1 -1 -1 55 63 43 38 37 36 36 36 37 37 37 37 37 38 38 38 40 40 41 42 43 44 47 48 48 47 47 47 47 46 46 45 45 44 40 38 36 34 34 35 34 35 36 35 35 36 35 38 38 38 38 38 38 38 38 38 38 38 38 38 38 38 37 37 37 36 36 35 35 33 32 31 30 30 30 30 31 31 30 30 26 20 19 18 17 17 18 17 15 4 0 0 0 0 0 0 0 0 0 0 0 0 0 0 0 0 0 0 0 0 0 0 0 0 0 0 0 0 0 0 0 0 2 4 9 15 19 19 20 21 21 21 21 22 22 22 22 22 22 21 6 0 53 81 78 53 50 -1 -1 -1 -1 -1 -1 -1 -1 -1 -1 -1 -1 -1
-1 -1 -1 -1 -1 -1 -1 -1 49 70 42 38 37 37 36 36 36 37 37 37 37 37 38 38 39 40 40 41 43 44 47 48 48 48 48 48 48 46 46 46 45 45 40 39 36 36 35 35 34 34 36 35 35 36 38 38 38 38 38 38 38 38 38 38 38 37 38 38 38 38 37 37 37 37 37 36 35 35 33 32 31 30 30 30 31 30 31 31 30 27 20 19 18 18 18 17 17 11 0 0 0 0 0 0 0 0 0 0 0 0 0 0 0 0 0 0 0 0 0 0 0 0 0 0 0 0 0 0 0 0 3 5 10 17 19 19 20 21 21 21 21 22 22 22 22 22 23 19 0 0 38 75 77 52 50 -1 -1 -1 -1 -1 -1 -1 -1 -1 -1 -1 -1 -1
-1 -1 -1 -1 -1 -1 -1 -1 -1 62 44 38 37 37 37 36 36 37 37 37 37 37 38 38 38 40 40 41 43 44 47 48 48 48 48 48 48 48 47 47 46 46 42 40 37 37 36 35 35 35 35 35 35 36 38 38 38 38 38 38 38 38 38 38 38 37 38 38 38 38 37 37 37 37 37 37 36 35 35 33 32 31 31 30 31 30 31 31 32 30 25 20 20 19 18 18 17 15 0 0 0 0 0 0 0 0 0 0 0 0 0 0 0 0 0 0 0 0 0 0 0 0 0 0 0 0 0 0 0 0 4 7 14 19 19 20 21 21 21 21 22 22 22 22 22 23 24 11 0 0 33 71 77 51 50 -1 -1 -1 -1 -1 -1 -1 -1 -1 -1 -1 -1 -1
-1 -1 -1 -1 -1 -1 -1 -1 -1 73 43 38 38 38 38 37 36 36 37 37 37 37 37 38 38 40 40 41 43 44 47 48 48 48 48 48 48 48 48 47 47 46 43 40 38 38 38 36 36 35 35 36 36 36 38 38 38 38 38 38 38 38 38 38 38 37 37 38 38 38 37 37 37 37 37 36 36 36 36 35 33 33 33 32 30 31 31 31 33 32 29 23 22 19 19 18 18 18 8 0 0 0 0 0 0 0 0 0 0 0 0 0 0 0 0 0 0 0 0 0 0 0 0 0 0 0 0 0 0 1 4 9 15 19 19 20 21 21 21 22 22 22 22 22 23 24 22 1 0 0 33 70 78 52 50 -1 -1 -1 -1 -1 -1 -1 -1 -1 -1 -1 -1 -1
-1 -1 -1 -1 -1 -1 -1 -1 -1 68 46 39 38 38 38 38 37 37 37 38 38 38 38 37 38 39 40 41 43 44 47 48 48 48 48 48 48 48 48 47 47 47 44 40 38 38 39 38 37 36 36 36 37 37 39 38 38 38 38 38 38 38 38 38 38 37 37 38 38 37 37 37 37 37 37 36 36 36 36 36 34 34 34 32 32 31 32 33 33 33 32 29 22 21 18 18 21 20 15 0 0 0 0 0 0 0 0 0 0 0 0 0 0 0 0 0 0 0 0 0 0 0 0 0 0 0 0 0 0 2 6 11 18 19 20 21 21 21 22 22 22 22 22 23 24 26 15 0 0 0 31 69 82 55 -1 -1 -1 -1 -1 -1 -1 -1 -1 -1 -1 -1 -1 -1
-1 -1 -1 -1 -1 -1 -1 -1 -1 70 42 40 40 38 38 38 38 37 37 38 38 38 38 38 39 39 40 40 43 44 47 48 48 48 48 48 48 48 48 48 47 47 44 39 39 38 39 38 38 38 37 37 37 42 41 40 40 40 39 38 38 38 38 38 37 37 37 38 38 37 37 37 37 37 37 36 36 36 36 35 35 36 36 34 33 33 32 32 33 33 34 33 29 22 20 22 22 21 17 0 0 0 0 0 0 0 0 0 0 0 0 0 0 0 0 0 0 0 0 0 0 0 0 0 0 0 0 0 0 4 9 14 19 20 20 21 21 22 22 22 22 22 22 24 26 27 13 0 0 0 18 68 82 56 -1 -1 -1 -1 -1 -1 -1 -1 -1 -1 -1 -1 -1 -1
-1 -1 -1 -1 -1 -1 -1 -1 -1 67 40 40 40 39 39 39 38 37 37 37 38 38 38 38 38 39 40 41 42 44 48 49 49 49 49 49 50 49 48 48 48 47 44 39 40 38 39 39 38 38 37 37 37 42 42 40 40 40 40 40 38 38 38 38 37 37 37 37 38 37 37 37 37 37 36 36 36 36 36 35 35 36 36 35 36 35 34 33 33 34 33 34 32 29 26 24 22 21 20 5 0 0 0 0 0 0 0 0 0 0 0 0 0 0 0 0 0 0 0 0 0 0 0 0 0 0 0 0 2 4 10 16 19 20 21 21 21 22 22 22 22 22 24 26 30 31 3 0 0 0 5 63 82 64 -1 -1 -1 -1 -1 -1 -1 -1 -1 -1 -1 -1 -1 -1
-1 -1 -1 -1 -1 -1 -1 -1 -1 70 50 40 40 40 39 39 39 39 38 38 38 39 39 39 39 40 40 41 42 44 48 49 49 49 49 49 50 50 50 49 49 47 44 39 40 39 39 39 38 39 37 38 38 41 42 41 41 41 41 40 39 39 39 38 38 38 38 37 37 37 37 37 37 37 36 36 36 36 35 35 35 35 36 36 36 36 36 36 35 35 35 33 35 37 31 25 24 22 21 15 0 0 0 0 0 0 0 0 233 0 0 0 0 0 0 0 0 0 0 0 0 0 0 0 0 0 0 0 2 6 12 19 20 20 21 21 22 22 22 22 23 24 26 31 36 21 0 0 0 0 0 54 82 71 -1 -1 -1 -1 -1 -1 -1 -1 -1 -1 -1 -1 -1 -1
-1 -1 -1 -1 -1 -1 -1 -1 -1 60 50 40 40 40 40 39 39 39 39 38 38 39 39 39 39 39 40 42 42 44 46 50 50 50 50 50 51 51 50 51 49 49 44 40 40 40 40 39 40 39 39 38 42 41 41 41 41 41 41 41 40 40 40 39 38 38 38 38 37 37 37 37 37 36 36 36 36 36 35 35 35 35 36 36 37 37 38 38 38 36 35 36 38 39 36 31 24 22 22 19 0 0 0 0 0 0 0 0 0 0 0 0 0 0 0 0 0 0 0 0 0 0 0 0 0 0 0 0 3 9 15 19 20 21 21 22 22 22 22 23 24 26 32 37 35 5 0 0 0 0 0 31 72 55 -1 -1 -1 -1 -1 -1 -1 -1 -1 -1 -1 -1 -1 -1
-1 -1 -1 -1 -1 -1 -1 -1 -1 60 56 40 40 40 40 39 39 39 39 38 38 38 39 39 39 39 40 40 42 44 46 -1 -1 -1 -1 -1 51 52 51 50 51 49 43 40 41 40 40 39 40 39 39 39 42 41 41 41 41 41 41 41 40 40 40 40 39 39 39 39 38 38 38 38 37 36 36 36 36 35 35 35 34 34 36 36 36 37 38 40 40 40 37 38 40 39 39 36 28 24 22 20 0 0 0 0 0 0 0 0 0 0 0 0 0 0 0 0 0 0 0 0 0 0 0 0 0 0 0 2 5 11 17 20 20 21 21 22 22 22 23 24 27 33 38 39 25 0 0 0 0 0 0 21 64 49 -1 -1 -1 -1 -1 -1 -1 -1 -1 -1 -1 -1 -1 -1
-1 -1 -1 -1 -1 -1 -1 -1 -1 57 62 40 40 40 40 40 39 39 39 39 38 38 38 39 39 39 39 40 42 44 46 -1 -1 -1 -1 -1 50 51 51 51 51 51 45 40 41 40 41 40 40 39 40 39 42 41 41 40 41 41 41 41 40 40 40 40 39 39 39 39 38 39 39 39 38 38 38 37 35 35 35 34 34 34 36 35 36 38 40 40 41 40 42 43 41 39 39 38 33 27 24 21 16 0 0 0 0 0 0 0 0 0 0 0 0 0 0 0 0 0 0 0 0 0 0 0 0 0 0 2 7 13 19 20 21 21 22 22 23 23 24 28 35 40 40 38 9 0 0 0 0 0 0 35 53 50 -1 -1 -1 -1 -1 -1 -1 -1 -1 -1 -1 -1 -1 -1
-1 -1 -1 -1 -1 -1 -1 -1 -1 55 64 41 40 40 40 40 40 39 39 39 39 38 38 39 39 39 39 40 41 44 46 -1 -1 -1 -1 -1 -1 -1 -1 50 51 51 44 41 41 42 41 40 41 40 40 44 43 42 41 40 40 41 41 41 40 40 40 40 39 39 39 38 38 38 39 39 38 38 38 38 36 36 36 35 34 34 35 35 36 38 38 40 40 43 46 45 44 42 40 39 38 33 25 23 20 0 0 0 0 0 0 0 0 0 0 0 0 0 0 0 0 0 0 0 0 0 0 0 0 0 0 2 10 15 20 21 22 22 22 23 25 26 29 37 40 40 40 29 0 0 0 0 0 0 14 44 51 50 -1 -1 -1 -1 -1 -1 -1 -1 -1 -1 -1 -1 -1 -1
-1 -1 -1 -1 -1 -1 -1 -1 -1 52 64 41 40 40 40 40 40 39 39 39 39 38 38 38 39 39 39 39 40 42 46 -1 -1 -1 -1 -1 -1 -1 -1 -1 57 63 42 41 42 42 41 41 41 41 40 44 43 43 41 40 40 41 41 41 40 40 40 40 39 39 39 38 38 38 39 39 38 38 38 37 37 37 36 36 36 35 35 36 37 38 40 40 42 46 46 46 46 45 43 40 39 38 32 25 22 0 0 0 0 0 0 0 0 0 0 0 0 0 0 0 0 0 0 0 0 0 0 0 0 0 0 5 12 19 21 22 23 24 24 25 26 31 37 41 41 42 43 19 0 0 0 0 43 38 50 48 -1 -1 -1 -1 -1 -1 -1 -1 -1 -1 -1 -1 -1 -1 -1 -1
-1 -1 -1 -1 -1 -1 -1 -1 -1 52 62 41 41 40 40 40 40 40 39 39 39 39 38 38 38 39 39 39 40 42 46 -1 -1 -1 -1 -1 -1 -1 -1 50 66 59 42 41 42 43 42 42 41 41 41 44 43 43 41 41 40 40 41 41 40 40 40 39 39 39 39 38 38 38 39 38 38 38 38 37 37 36 36 36 36 36 36 38 38 40 40 41 46 46 46 46 46 46 45 44 42 40 38 31 23 13 0 0 0 0 0 0 0 0 0 0 0 0 0 0 0 0 0 0 0 0 0 0 0 0 2 10 15 22 22 23 24 24 25 27 31 38 41 42 44 47 44 4 0 0 0 2 44 56 67 49 -1 -1 -1 -1 -1 -1 -1 -1 -1 -1 -1 -1 -1 -1 -1 -1
-1 -1 -1 -1 -1 -1 -1 -1 -1 52 67 41 41 41 40 40 40 40 40 39 39 39 39 38 38 39 39 39 39 40 46 -1 -1 -1 -1 -1 -1 -1 50 56 67 45 42 41 42 43 42 43 42 42 42 44 44 43 42 41 40 40 40 41 40 40 40 39 39 39 39 38 38 38 38 38 38 38 37 37 37 36 36 36 36 36 36 37 38 40 42 48 47 47 47 47 47 46 46 46 45 42 40 38 30 21 0 0 0 0 0 0 0 0 0 0 0 0 0 0 0 0 0 0 0 0 0 0 0 0 4 11 18 21 22 24 24 25 28 34 38 42 45 48 48 48 29 0 0 0 0 2 43 65 71 -1 -1 -1 -1 -1 -1 -1 -1 -1 -1 -1 -1 -1 -1 -1 -1 -1
-1 -1 -1 -1 -1 -1 -1 -1 -1 52 67 41 41 41 40 40 40 40 40 39 39 39 39 38 38 38 39 39 39 40 44 -1 -1 -1 -1 -1 -1 -1 53 72 50 42 41 41 42 43 43 43 42 42 45 45 44 43 42 42 40 40 40 41 40 40 40 39 39 39 38 38 38 38 37 38 38 38 37 37 36 36 36 36 36 36 36 37 38 41 48 48 48 48 48 48 47 47 47 47 46 45 45 45 37 27 0 0 0 0 0 0 0 0 0 0 0 0 0 0 0 0 0 0 0 0 0 0 0 1 5 12 20 20 22 22 24 28 35 40 44 46 47 48 51 49 8 2 0 0 0 0 41 64 72 51 -1 -1 -1 -1 -1 -1 -1 -1 -1 -1 -1 -1 -1 -1 -1 -1
-1 -1 -1 -1 -1 -1 -1 -1 -1 -1 70 42 41 41 41 40 40 40 40 40 39 39 39 39 38 38 38 39 39 39 44 -1 -1 -1 -1 -1 -1 -1 57 65 42 42 41 41 42 43 43 44 43 43 45 45 44 43 43 42 40 40 40 40 40 40 40 39 39 39 38 38 38 38 37 37 38 37 37 36 36 36 36 36 36 36 36 36 39 47 48 48 48 48 48 48 48 48 48 48 48 47 46 46 42 34 11 0 0 0 0 0 0 0 0 0 0 0 0 0 0 0 0 0 0 0 0 0 0 0 9 15 20 22 26 27 31 40 48 49 49 49 49 49 49 33 0 1 0 0 0 0 39 69 74 53 -1 -1 -1 -1 -1 -1 -1 -1 -1 -1 -1 -1 -1 -1 -1 -1
-1 -1 -1 -1 -1 -1 -1 -1 -1 -1 67 42 41 41 41 41 40 40 40 40 40 39 39 39 39 38 38 39 39 39 50 75 59 -1 -1 -1 -1 50 65 59 41 40 41 41 42 43 43 44 43 43 46 45 45 44 43 42 41 40 40 40 40 40 40 39 39 39 38 38 38 38 37 37 38 37 37 36 36 36 36 36 36 35 33 40 45 48 48 48 48 48 48 48 48 48 48 49 49 49 49 49 47 45 40 3 0 0 0 0 0 0 0 0 0 0 0 0 0 0 0 0 0 0 0 0 0 3 11 18 22 30 50 61 48 -1 50 50 50 50 50 50 49 8 0 0 0 0 0 0 10 67 76 56 -1 -1 -1 -1 -1 -1 -1 -1 -1 -1 -1 -1 -1 -1 -1 -1
-1 -1 -1 -1 -1 -1 -1 -1 -1 -1 61 57 42 41 41 41 41 40 40 40 40 39 39 39 39 38 38 38 39 39 39 56 75 75 55 -1 -1 57 67 43 41 40 41 41 42 43 44 44 45 47 46 45 45 45 43 42 41 41 40 40 39 40 40 39 39 39 38 38 38 37 37 37 37 37 36 36 36 36 36 36 35 33 32 53 48 48 48 48 48 49 49 49 49 49 49 50 52 53 53 53 53 53 56 51 4 0 0 0 0 0 0 0 0 0 0 0 0 0 0 0 0 0 0 0 0 7 17 24 30 61 77 62 -1 -1 -1 -1 -1 -1 -1 -1 40 0 0 0 0 0 0 0 0 63 79 66 -1 -1 -1 -1 -1 -1 -1 -1 -1 -1 -1 -1 -1 -1 -1 -1
-1 -1 -1 -1 -1 -1 -1 -1 -1 -1 61 57 42 42 41 41 41 40 40 40 40 40 39 39 39 39 38 38 38 39 39 38 40 55 75 72 56 71 61 42 40 40 40 41 42 43 44 44 45 48 47 46 45 45 43 42 41 41 40 40 39 39 40 39 39 38 38 38 38 37 37 37 36 36 36 36 36 36 36 35 34 32 36 62 51 49 49 49 49 50 50 50 50 50 50 -1 50 51 51 51 51 50 53 84 32 0 0 0 0 0 0 0 0 0 0 0 0 0 0 0 0 0 0 0 0 10 23 34 61 79 67 56 -1 -1 -1 -1 -1 -1 -1 -1 11 0 0 0 0 0 0 0 0 61 93 91 84 56 -1 -1 -1 -1 -1 -1 -1 -1 -1 -1 -1 -1 -1 -1
-1 -1 -1 -1 -1 -1 -1 -1 -1 -1 59 60 42 42 41 41 41 41 40 40 40 39 39 38 38 38 38 38 38 38 38 38 39 39 39 55 69 64 41 41 40 40 40 41 42 43 44 44 45 48 47 46 45 45 45 43 42 41 41 40 39 39 39 39 39 38 38 38 37 37 37 36 36 37 37 37 36 36 35 35 33 32 43 71 57 50 50 50 50 50 -1 -1 -1 -1 -1 -1 -1 -1 -1 -1 -1 -1 51 89 48 0 0 0 0 0 0 0 0 0 0 0 0 0 0 0 0 0 0 0 1 13 24 53 79 70 54 -1 -1 -1 -1 -1 -1 -1 -1 45 0 0 0 0 0 0 0 0 0 53 92 90 92 73 60 -1 -1 -1 -1 -1 -1 -1 -1 -1 -1 -1 -1 -1
-1 -1 -1 -1 -1 -1 -1 -1 -1 -1 57 63 43 41 41 40 40 40 40 39 39 39 39 38 38 38 38 38 37 37 38 38 38 39 39 39 40 40 40 40 41 40 40 41 43 43 44 45 48 48 48 47 46 45 45 44 42 41 41 41 39 39 38 39 39 38 38 39 38 38 38 37 36 38 38 37 37 36 36 33 33 33 38 74 57 -1 -1 -1 -1 -1 -1 -1 -1 -1 -1 -1 -1 -1 -1 -1 -1 -1 51 89 47 0 0 0 0 0 0 0 0 0 0 0 0 0 0 0 0 0 0 0 7 25 48 71 71 57 -1 -1 -1 -1 -1 -1 -1 -1 50 15 0 0 0 0 0 0 0 0 0 0 2 35 86 79 65 -1 -1 -1 -1 -1 -1 -1 -1 -1 -1 -1 -1 -1
-1 -1 -1 -1 -1 -1 -1 -1 -1 -1 55 64 43 41 41 41 40 40 40 39 39 39 39 39 38 38 38 38 37 37 36 37 37 38 38 38 38 39 39 39 40 40 40 41 43 43 44 45 48 48 48 48 46 45 45 44 42 41 41 41 39 39 39 39 40 39 39 40 38 38 38 37 37 37 37 37 36 36 35 33 33 33 33 75 59 -1 -1 -1 -1 -1 -1 -1 -1 -1 -1 -1 -1 -1 -1 -1 -1 -1 -1 87 42 0 0 0 0 0 0 0 0 0 0 0 0 0 0 0 0 0 0 0 18 42 62 60 52 -1 -1 -1 -1 -1 -1 -1 -1 50 46 0 0 0 0 0 0 0 0 0 0 0 0 0 64 67 65 -1 -1 -1 -1 -1 -1 -1 -1 -1 -1 -1 -1 -1
-1 -1 -1 -1 -1 -1 -1 -1 -1 -1 55 65 43 40 40 40 40 40 40 40 38 38 38 38 38 37 37 37 37 36 36 37 37 37 38 38 38 39 39 39 40 40 40 41 43 44 44 45 48 48 48 48 47 46 45 45 43 42 42 42 41 40 40 40 40 40 40 39 39 38 38 37 37 36 37 37 36 35 33 33 33 33 33 75 59 -1 -1 -1 -1 -1 -1 -1 -1 -1 -1 -1 -1 -1 -1 -1 -1 -1 -1 87 45 0 0 0 0 0 0 0 0 0 0 0 0 0 0 0 0 0 0 1 46 69 60 51 -1 -1 -1 -1 -1 -1 -1 -1 -1 58 34 0 0 0 0 0 0 0 0 0 0 0 0 0 49 49 64 -1 -1 -1 -1 -1 -1 -1 -1 -1 -1 -1 -1 -1
-1 -1 -1 -1 -1 -1 -1 -1 -1 -1 55 62 44 40 40 40 40 39 39 39 39 38 38 38 38 37 37 37 37 37 36 36 37 37 38 38 38 39 39 39 40 40 40 41 43 44 44 47 49 49 49 49 49 48 46 45 45 43 42 42 41 41 40 40 39 40 40 39 39 38 37 37 36 36 36 36 35 33 33 33 33 33 33 75 59 -1 -1 -1 -1 -1 -1 -1 -1 -1 -1 -1 -1 -1 -1 -1 -1 -1 -1 87 62 0 0 0 0 0 0 0 0 0 0 0 0 0 0 0 1 0 0 33 69 68 57 -1 -1 -1 -1 -1 -1 -1 -1 -1 52 82 74 0 0 0 0 0 0 0 0 0 0 0 0 0 46 58 64 -1 -1 -1 -1 -1 -1 -1 -1 -1 -1 -1 -1 -1
-1 -1 -1 -1 -1 -1 -1 -1 -1 -1 55 65 43 41 40 40 40 40 39 39 39 38 38 38 38 38 37 37 37 37 36 36 36 37 37 38 38 38 39 39 40 40 40 41 43 44 45 49 49 49 49 49 49 49 47 47 45 44 42 42 42 42 40 40 39 39 39 39 38 37 37 37 36 36 35 35 33 33 33 33 33 33 33 75 59 -1 -1 -1 -1 -1 -1 -1 -1 -1 -1 -1 -1 -1 -1 -1 -1 -1 -1 87 80 0 0 0 0 0 0 0 0 0 0 0 0 0 0 0 0 0 28 73 71 61 52 -1 -1 -1 -1 -1 -1 -1 -1 51 82 82 35 0 0 0 0 0 0 0 0 0 0 0 0 0 47 68 65 -1 -1 -1 -1 -1 -1 -1 -1 -1 -1 -1 -1 -1
-1 -1 -1 -1 -1 -1 -1 -1 -1 -1 55 67 48 41 40 40 40 40 39 39 39 39 38 38 38 38 38 37 37 37 37 36 36 37 37 39 39 39 40 40 40 41 41 42 44 45 46 49 49 49 49 50 -1 -1 -1 47 45 44 44 42 42 42 41 40 39 39 39 39 38 37 37 36 36 35 33 33 33 33 33 33 33 33 33 69 66 -1 -1 -1 -1 -1 -1 -1 -1 -1 -1 -1 -1 -1 -1 -1 -1 -1 -1 84 92 0 0 0 0 0 0 0 0 0 0 0 0 0 0 0 0 0 57 81 66 54 -1 -1 -1 -1 -1 -1 -1 -1 51 80 86 34 6 0 0 0 0 0 0 0 0 0 0 0 0 0 46 76 67 -1 -1 -1 -1 -1 -1 -1 -1 -1 -1 -1 -1 -1
-1 -1 -1 -1 -1 -1 -1 -1 -1 -1 -1 65 55 41 41 40 40 40 40 39 39 39 39 38 38 38 38 37 37 38 38 38 37 37 38 38 39 39 40 41 40 42 42 42 44 45 46 -1 -1 -1 -1 -1 -1 -1 -1 48 46 44 44 44 42 42 41 40 39 39 38 38 37 37 36 36 35 33 32 32 33 33 33 33 33 33 33 66 63 -1 -1 -1 -1 -1 -1 -1 -1 -1 -1 -1 -1 -1 -1 -1 -1 -1 -1 70 92 7 0 0 0 0 0 0 0 0 0 0 0 0 0 0 0 32 71 72 55 -1 -1 -1 -1 -1 -1 -1 -1 51 81 85 34 14 0 0 0 0 0 0 0 0 0 0 0 0 0 0 22 76 66 -1 -1 -1 -1 -1 -1 -1 -1 -1 -1 -1 -1 -1
-1 -1 -1 -1 -1 -1 -1 -1 -1 -1 -1 58 59 42 41 41 40 40 40 40 40 40 40 38 39 39 39 39 38 38 38 38 37 37 38 39 40 40 40 41 41 42 42 42 45 45 -1 -1 -1 -1 -1 -1 -1 -1 -1 -1 47 44 44 44 42 41 41 40 40 38 38 37 37 36 36 35 33 32 32 32 33 33 33 33 33 33 33 69 70 -1 -1 -1 -1 -1 -1 -1 -1 -1 -1 -1 -1 -1 -1 -1 -1 -1 -1 58 92 9 0 0 0 0 0 0 0 0 0 0 0 0 0 0 0 32 79 82 64 55 -1 -1 -1 -1 -1 -1 52 85 89 48 17 0 0 0 0 0 0 0 0 0 0 0 0 0 0 0 0 73 66 51 -1 -1 -1 -1 -1 -1 -1 -1 -1 -1 -1 -1
-1 -1 -1 -1 -1 -1 -1 -1 -1 -1 -1 58 60 42 41 41 40 40 41 41 40 40 40 40 39 39 39 39 39 39 39 39 39 38 38 39 39 40 40 41 41 42 42 42 45 46 -1 -1 -1 -1 -1 -1 -1 -1 -1 -1 -1 45 44 44 42 41 41 40 40 38 37 36 36 36 35 33 32 32 32 32 33 33 33 33 33 33 33 58 75 -1 -1 -1 -1 -1 -1 -1 -1 -1 -1 -1 -1 -1 -1 -1 -1 -1 -1 -1 92 25 0 0 0 0 0 0 0 0 0 0 0 0 0 0 2 3 54 88 94 72 54 -1 -1 -1 -1 50 76 85 38 20 0 0 0 0 0 0 0 0 0 0 0 0 0 0 0 0 0 71 72 56 -1 -1 -1 -1 -1 -1 -1 -1 -1 -1 -1 -1
-1 -1 -1 -1 -1 -1 -1 -1 -1 -1 -1 55 63 44 42 42 42 41 41 41 41 40 40 40 41 40 40 40 40 40 39 39 39 39 38 38 39 40 40 40 41 41 42 42 45 46 -1 -1 -1 -1 -1 -1 -1 -1 -1 -1 -1 47 44 44 42 42 40 40 39 39 36 36 35 36 35 33 32 32 32 32 32 33 33 33 33 33 33 50 74 59 -1 -1 -1 -1 -1 -1 -1 -1 -1 -1 -1 -1 -1 -1 -1 -1 -1 -1 92 31 0 0 0 0 0 0 0 0 0 0 0 0 0 0 3 4 5 37 83 93 76 55 50 -1 -1 77 83 30 0 0 0 0 0 0 0 0 0 0 0 0 0 0 0 0 0 0 0 73 76 60 -1 -1 -1 -1 -1 -1 -1 -1 -1 -1 -1 -1
-1 -1 -1 -1 -1 -1 -1 -1 -1 -1 -1 55 64 45 41 41 41 42 42 42 42 42 41 41 41 41 40 40 40 40 39 39 39 39 38 38 38 39 40 40 41 41 42 42 45 -1 -1 -1 -1 -1 -1 -1 -1 -1 -1 -1 -1 -1 49 44 42 42 41 40 39 38 37 35 35 35 33 32 32 32 32 32 32 33 33 33 33 33 33 44 75 54 -1 -1 -1 -1 -1 -1 -1 -1 -1 -1 -1 -1 -1 -1 -1 -1 -1 -1 91 31 0 0 0 0 0 0 0 0 0 0 0 0 0 0 0 0 0 0 7 72 90 81 61 52 71 85 47 12 0 0 0 0 0 0 0 0 0 0 0 0 0 0 0 0 0 0 0 74 76 60 -1 -1 -1 -1 -1 -1 -1 -1 -1 -1 -1 -1
-1 -1 -1 -1 -1 -1 -1 -1 -1 -1 -1 52 70 47 40 40 40 42 41 41 42 42 41 41 41 41 40 40 40 40 40 39 39 39 39 38 38 39 39 40 41 41 42 42 45 -1 -1 -1 -1 -1 -1 -1 -1 -1 -1 -1 -1 -1 44 44 42 42 41 40 39 37 36 35 35 32 32 32 32 32 32 32 32 32 33 33 33 33 33 44 75 57 -1 -1 -1 -1 -1 -1 -1 -1 -1 -1 -1 -1 -1 -1 -1 -1 -1 -1 91 48 0 0 0 0 0 0 0 0 0 0 0 0 0 0 0 0 0 0 0 4 63 90 94 72 87 73 17 0 0 0 0 0 0 0 0 0 0 0 0 0 0 0 0 0 0 0 0 70 69 59 -1 -1 -1 -1 -1 -1 -1 -1 -1 -1 -1 -1
-1 -1 -1 -1 -1 -1 -1 -1 -1 -1 -1 52 72 44 38 37 38 39 40 40 41 41 42 41 41 41 41 40 40 40 40 40 39 39 39 39 38 38 39 40 40 41 42 44 51 -1 -1 -1 -1 -1 -1 -1 -1 -1 -1 -1 -1 -1 54 44 42 42 41 40 37 36 36 35 32 31 31 32 32 32 32 32 32 32 33 33 33 33 33 44 75 59 -1 -1 -1 -1 -1 -1 -1 -1 -1 -1 -1 -1 -1 -1 -1 -1 -1 -1 89 65 0 0 0 0 0 0 0 0 0 0 0 0 0 0 0 0 0 0 0 0 0 58 89 93 87 18 0 0 0 0 0 0 0 0 0 0 0 0 0 0 0 0 0 0 0 0 0 59 59 59 -1 -1 -1 -1 -1 -1 -1 -1 -1 -1 -1 -1
-1 -1 -1 -1 -1 -1 -1 -1 -1 -1 -1 59 73 49 38 36 37 37 37 39 38 40 40 41 41 41 41 41 40 40 40 40 39 39 39 39 38 38 38 39 40 41 46 44 48 -1 -1 -1 -1 -1 -1 -1 -1 -1 -1 -1 -1 -1 58 44 42 41 41 39 37 36 35 33 32 31 31 31 32 32 32 32 32 32 33 33 33 33 33 44 72 59 -1 -1 -1 -1 -1 -1 -1 -1 -1 -1 -1 -1 -1 -1 -1 -1 -1 -1 87 79 0 0 0 0 0 0 0 0 0 0 0 0 0 0 0 0 0 0 0 0 0 0 8 60 9 0 0 0 0 0 0 0 0 0 0 0 0 0 0 0 0 0 0 0 0 0 0 55 60 59 -1 -1 -1 -1 -1 -1 -1 -1 -1 -1 -1 -1
-1 -1 -1 -1 -1 -1 -1 -1 -1 -1 -1 59 71 55 38 33 33 34 36 37 36 38 38 39 39 40 40 41 40 40 40 40 40 39 39 39 39 38 38 39 40 40 46 49 59 -1 -1 -1 -1 -1 -1 -1 -1 -1 -1 -1 -1 -1 54 53 44 41 40 38 37 35 33 32 32 31 31 31 32 32 32 32 32 32 32 33 33 33 33 44 75 59 -1 -1 -1 -1 -1 -1 -1 -1 -1 -1 -1 -1 -1 -1 -1 -1 -1 -1 83 92 0 0 0 0 0 0 0 0 0 0 0 0 0 0 0 0 0 0 0 0 0 0 0 0 0 0 0 0 0 0 0 0 0 0 0 0 0 0 0 0 0 0 0 0 0 0 0 56 72 59 -1 -1 -1 -1 -1 -1 -1 -1 -1 -1 -1 -1
-1 -1 -1 -1 -1 -1 -1 -1 -1 -1 -1 57 71 60 37 31 32 32 33 33 34 35 36 37 38 37 38 39 40 40 40 40 40 40 39 39 39 39 38 38 39 40 51 49 59 -1 -1 -1 -1 -1 -1 -1 -1 -1 -1 -1 -1 -1 49 58 42 41 38 37 36 35 32 32 32 32 31 31 31 32 32 32 32 32 32 33 33 33 33 44 75 61 -1 -1 -1 -1 -1 -1 -1 -1 -1 -1 -1 -1 -1 -1 -1 -1 -1 -1 74 93 0 0 0 0 0 0 0 0 0 0 0 0 0 0 0 0 0 0 0 0 0 0 0 0 0 0 0 0 0 0 0 0 0 0 0 0 0 0 0 0 0 0 0 0 0 0 0 54 84 60 50 -1 -1 -1 -1 -1 -1 -1 -1 -1 -1 -1
-1 -1 -1 -1 -1 -1 -1 -1 -1 -1 -1 -1 75 61 35 30 30 31 31 31 31 32 32 33 35 36 36 37 38 39 39 40 40 40 39 39 39 39 38 38 38 40 46 54 59 -1 -1 -1 -1 -1 -1 -1 -1 -1 -1 -1 -1 -1 -1 58 42 41 37 36 35 33 33 32 32 32 32 31 31 31 32 32 32 32 32 32 33 33 33 44 69 64 -1 -1 -1 -1 -1 -1 -1 -1 -1 -1 -1 -1 -1 -1 -1 -1 -1 -1 62 93 7 0 0 0 0 0 0 0 0 0 0 0 0 0 0 0 0 0 0 0 0 0 0 0 0 0 0 0 0 0 0 0 0 0 0 0 0 0 0 0 0 0 0 0 0 0 0 19 84 63 52 -1 -1 -1 -1 -1 -1 -1 -1 -1 -1 -1
-1 -1 -1 -1 -1 -1 -1 -1 -1 -1 -1 -1 75 67 35 28 29 30 29 30 29 31 30 31 31 33 34 35 35 37 37 38 38 39 40 39 39 39 39 38 38 39 45 51 61 -1 -1 -1 -1 -1 -1 -1 -1 -1 -1 -1 -1 -1 -1 61 42 38 38 35 33 33 33 32 32 32 32 31 31 31 32 32 32 32 32 32 33 33 33 44 64 68 -1 -1 -1 -1 -1 -1 -1 -1 -1 -1 -1 -1 -1 -1 -1 -1 -1 -1 55 93 33 0 0 0 0 0 0 0 0 0 0 0 0 0 0 0 0 0 0 0 0 0 0 0 0 0 0 0 0 0 0 0 0 0 0 0 0 0 0 0 0 0 0 0 0 0 0 0 85 65 53 -1 -1 -1 -1 -1 -1 -1 -1 -1 -1 -1
-1 -1 -1 -1 -1 -1 -1 -1 -1 -1 -1 -1 71 73 35 29 27 27 27 27 29 29 29 28 30 30 31 29 32 33 35 34 36 37 38 39 38 39 39 39 38 38 40 51 61 -1 -1 -1 -1 -1 -1 -1 -1 -1 -1 -1 -1 -1 -1 61 41 38 35 33 33 33 33 33 32 32 32 32 31 31 31 32 32 32 32 32 33 33 33 44 53 75 -1 -1 -1 -1 -1 -1 -1 -1 -1 -1 -1 -1 -1 -1 -1 -1 -1 -1 52 92 39 0 0 0 0 0 0 0 0 0 0 0 0 0 0 0 0 0 0 0 0 0 0 0 0 0 0 0 0 0 0 0 0 0 0 0 0 0 0 0 0 0 0 0 0 0 0 0 85 72 55 -1 -1 -1 -1 -1 -1 -1 -1 -1 -1 -1
-1 -1 -1 -1 -1 -1 -1 -1 -1 -1 -1 -1 70 73 33 27 27 27 27 27 26 27 27 28 27 27 29 30 29 29 29 32 33 34 34 36 36 37 38 39 38 38 38 53 61 52 -1 -1 -1 -1 -1 -1 -1 -1 -1 -1 -1 -1 -1 58 44 35 33 33 33 33 33 33 33 32 32 32 32 31 31 32 32 32 32 32 32 33 33 38 53 75 -1 -1 -1 -1 -1 -1 -1 -1 -1 -1 -1 -1 -1 -1 -1 -1 -1 -1 52 90 28 0 0 0 0 0 0 0 0 0 0 0 0 0 0 0 0 0 0 0 0 0 0 0 0 0 0 0 0 0 0 0 0 0 0 0 0 0 0 0 0 0 0 0 0 0 0 0 86 74 55 -1 -1 -1 -1 -1 -1 -1 -1 -1 -1 -1
-1 -1 -1 -1 -1 -1 -1 -1 -1 -1 -1 -1 75 74 31 25 24 24 25 26 26 26 26 26 25 27 27 27 27 27 29 29 29 29 31 33 34 34 35 37 38 38 38 53 53 59 -1 -1 -1 -1 -1 -1 -1 -1 -1 -1 -1 -1 49 69 36 39 33 33 33 33 33 33 33 32 32 32 32 31 31 31 32 32 32 32 32 33 33 44 53 75 -1 -1 -1 -1 -1 -1 -1 -1 -1 -1 -1 -1 -1 -1 -1 -1 -1 -1 50 89 44 0 0 0 0 0 0 0 0 0 0 0 0 0 0 0 0 0 0 0 0 0 0 0 0 0 0 0 0 0 0 0 0 0 0 0 0 0 0 0 0 0 0 0 0 0 0 0 89 79 55 -1 -1 -1 -1 -1 -1 -1 -1 -1 -1 -1
-1 -1 -1 -1 -1 -1 -1 -1 -1 -1 -1 -1 75 73 28 23 23 24 23 23 24 24 25 25 26 24 25 25 25 25 26 27 27 28 29 28 29 31 33 33 34 35 36 48 52 59 -1 -1 -1 -1 -1 -1 59 70 75 75 75 75 75 75 35 33 33 33 33 33 33 33 33 33 32 32 32 32 31 31 31 32 32 32 32 33 33 38 50 74 -1 -1 -1 -1 -1 -1 -1 -1 -1 -1 -1 -1 -1 -1 -1 -1 -1 -1 50 88 73 0 0 0 0 0 0 0 0 0 0 0 0 0 0 0 0 0 0 0 0 0 0 0 0 0 0 0 0 0 0 0 0 0 0 0 0 0 0 0 0 0 0 0 0 0 0 0 88 84 54 -1 -1 -1 -1 -1 -1 -1 -1 -1 -1 -1
-1 -1 -1 -1 -1 -1 -1 -1 -1 -1 -1 -1 73 80 32 20 19 20 20 21 22 23 22 22 24 24 24 25 24 25 24 25 25 26 25 26 28 29 27 28 30 33 32 44 51 65 59 61 59 64 70 75 75 73 47 36 41 35 35 40 35 35 33 33 33 33 33 33 33 33 33 32 32 32 32 31 31 32 32 32 32 32 33 38 44 75 57 -1 -1 -1 -1 -1 -1 -1 -1 -1 -1 -1 -1 -1 -1 -1 -1 -1 51 84 91 0 0 0 0 0 0 233 0 0 0 0 0 0 0 0 0 0 0 0 0 0 0 0 0 0 0 0 0 0 0 0 0 0 0 0 0 0 0 0 0 0 0 0 0 0 0 0 87 85 53 -1 -1 -1 -1 -1 -1 -1 -1 -1 -1 -1
-1 -1 -1 -1 -1 -1 -1 -1 -1 -1 -1 -1 75 76 59 19 17 17 17 18 18 20 19 20 21 22 21 21 23 23 25 23 24 24 24 24 25 25 25 26 27 27 28 42 55 69 64 67 68 71 65 48 42 36 36 36 41 35 35 40 35 35 33 33 33 33 33 33 33 33 33 32 32 32 32 31 31 31 32 32 32 32 33 38 44 75 59 -1 -1 -1 -1 -1 -1 -1 -1 -1 -1 -1 -1 -1 -1 -1 -1 -1 50 78 91 0 0 0 0 0 0 0 0 0 0 0 0 0 0 0 0 0 0 0 0 0 0 0 0 0 0 0 0 0 0 0 0 0 0 0 0 0 0 0 0 0 0 0 0 0 0 0 79 84 53 -1 -1 -1 -1 -1 -1 -1 -1 -1 -1 -1
-1 -1 -1 -1 -1 -1 -1 -1 -1 -1 -1 -1 68 80 72 16 13 13 15 17 16 16 15 16 17 19 18 18 19 21 21 20 22 22 23 22 23 24 23 24 24 24 26 26 26 33 31 32 38 33 36 37 42 36 36 36 35 35 35 35 35 35 35 33 33 33 33 33 33 33 33 33 32 32 32 32 31 31 31 32 32 32 32 33 49 75 61 -1 -1 -1 -1 -1 -1 -1 -1 -1 -1 -1 -1 -1 -1 -1 -1 -1 -1 69 91 0 0 0 0 0 0 0 0 0 0 0 0 0 0 0 0 0 0 0 0 0 0 0 0 0 0 0 0 0 0 0 0 0 0 0 0 0 0 0 0 0 0 0 0 0 0 1 75 87 59 -1 -1 -1 -1 -1 -1 -1 -1 -1 -1 -1
-1 -1 -1 -1 -1 -1 -1 -1 -1 -1 -1 -1 55 81 74 13 11 11 11 12 12 12 13 15 15 15 15 15 16 18 17 19 18 20 20 21 22 20 22 23 22 22 24 24 24 24 24 26 27 31 31 33 32 35 36 36 35 35 35 35 35 35 35 35 33 33 33 33 33 33 33 33 33 32 32 32 32 31 31 32 32 32 32 33 49 64 68 -1 -1 -1 -1 -1 -1 -1 -1 -1 -1 -1 -1 -1 -1 -1 -1 -1 50 60 91 24 0 0 0 0 0 0 0 0 0 0 0 0 0 0 0 0 0 0 0 0 0 0 0 0 0 0 0 0 0 0 0 0 0 0 0 0 0 0 0 0 0 0 0 0 0 5 67 92 60 -1 -1 -1 -1 -1 -1 -1 -1 -1 -1 -1
-1 -1 -1 -1 -1 -1 -1 -1 -1 -1 -1 -1 50 80 72 7 7 7 8 8 9 9 9 10 10 10 11 13 14 13 13 14 15 15 17 18 18 18 19 21 20 21 22 22 22 21 24 24 25 24 25 27 30 31 32 33 36 35 35 35 35 35 35 35 33 33 33 33 33 33 33 33 33 32 32 32 32 31 31 31 32 32 32 33 52 54 75 -1 -1 -1 -1 -1 -1 -1 -1 -1 -1 -1 -1 -1 -1 -1 -1 -1 50 53 90 30 0 0 0 0 0 0 0 0 0 0 0 0 0 0 0 0 0 0 0 0 0 0 0 0 0 0 0 0 0 0 0 0 0 0 0 0 0 0 0 0 0 0 0 0 0 11 68 92 63 50 -1 -1 -1 -1 -1 -1 -1 -1 -1 -1
-1 -1 -1 -1 -1 -1 -1 -1 -1 -1 -1 -1 51 80 71 2 3 3 2 3 5 6 5 7 7 7 8 9 8 9 9 10 12 11 12 12 14 13 16 17 17 18 18 19 20 21 21 20 21 22 23 24 24 25 26 29 32 33 33 35 35 35 35 35 35 33 33 33 33 33 33 33 33 33 32 32 32 32 31 31 31 32 32 32 49 51 75 -1 -1 -1 -1 -1 -1 -1 -1 -1 -1 -1 -1 -1 -1 -1 -1 -1 -1 53 89 30 0 0 0 0 0 0 0 0 0 0 0 0 0 0 0 0 0 0 0 0 0 0 0 0 0 0 0 0 0 0 0 0 0 0 0 0 0 0 0 0 0 0 0 0 0 7 63 92 67 50 -1 -1 -1 -1 -1 -1 -1 -1 -1 -1
-1 -1 -1 -1 -1 -1 -1 -1 -1 -1 -1 -1 52 80 60 21 0 0 0 0 0 0 0 0 1 2 2 4 4 6 5 6 8 8 8 8 9 11 11 11 12 13 13 16 16 17 17 18 20 20 20 20 21 23 22 23 24 27 28 31 32 34 35 35 35 35 33 33 33 33 33 33 33 33 33 32 32 32 32 31 31 32 32 32 49 51 75 -1 -1 -1 -1 -1 -1 -1 -1 -1 -1 -1 -1 -1 -1 -1 -1 -1 -1 53 89 50 0 0 0 0 0 0 0 0 0 0 0 0 0 0 0 0 0 0 0 0 0 0 0 0 0 0 0 0 0 0 0 0 0 0 0 0 0 0 0 0 0 0 0 0 0 15 65 93 66 50 -1 -1 -1 -1 -1 -1 -1 -1 -1 -1
-1 -1 -1 -1 -1 -1 -1 -1 -1 -1 -1 -1 52 81 65 13 0 0 0 0 0 0 0 0 0 0 0 0 0 0 0 1 1 1 3 4 4 4 7 6 6 7 11 10 10 11 13 13 16 16 16 16 20 19 20 19 21 22 23 23 26 29 32 32 34 35 35 33 33 33 33 33 33 33 33 32 32 32 32 32 31 31 32 32 49 51 75 -1 -1 -1 -1 -1 -1 -1 -1 -1 -1 -1 -1 -1 -1 -1 -1 -1 -1 54 88 75 0 0 0 0 0 0 0 0 0 0 0 0 0 0 0 0 0 0 0 0 0 0 0 0 0 0 0 0 0 0 0 0 0 0 0 0 0 0 0 0 0 0 0 0 0 11 51 93 73 -1 -1 -1 -1 -1 -1 -1 -1 -1 -1 -1
-1 -1 -1 -1 -1 -1 -1 -1 -1 -1 -1 -1 51 80 69 0 0 0 0 0 0 0 0 0 0 0 0 0 0 0 0 0 0 0 0 0 0 0 0 0 1 3 4 4 5 5 8 10 9 10 11 13 14 15 16 17 17 18 19 20 20 22 24 25 30 31 32 33 33 33 33 33 33 33 33 33 32 32 32 32 31 31 31 32 43 53 75 -1 -1 -1 -1 -1 -1 -1 -1 -1 -1 -1 -1 -1 -1 -1 -1 -1 -1 53 84 87 0 0 0 0 0 0 0 0 0 0 0 0 0 0 0 0 0 0 0 0 0 0 0 0 0 0 0 0 0 0 0 0 0 0 0 0 0 0 0 0 0 0 0 0 0 0 22 93 81 -1 -1 -1 -1 -1 -1 -1 -1 -1 -1 -1
-1 -1 -1 -1 -1 -1 -1 -1 -1 -1 -1 -1 50 78 73 0 0 0 0 0 0 0 0 0 0 0 0 0 0 0 0 0 0 0 0 0 0 0 0 0 0 0 0 0 0 0 2 1 4 3 5 7 7 8 9 11 11 14 15 17 17 17 17 19 21 23 27 30 31 31 33 33 33 33 33 33 33 32 32 32 32 31 31 32 43 53 75 -1 -1 -1 -1 -1 -1 -1 -1 -1 -1 -1 -1 -1 -1 -1 -1 -1 -1 51 80 87 0 0 0 0 0 0 0 0 0 0 0 0 0 0 0 0 0 0 0 0 0 0 0 0 0 0 0 0 0 0 0 0 0 0 0 0 0 0 0 0 0 0 0 0 0 0 0 92 83 -1 -1 -1 -1 -1 -1 -1 -1 -1 -1 -1
-1 -1 -1 -1 -1 -1 -1 -1 -1 -1 -1 -1 -1 78 84 3 0 0 0 0 0 0 0 0 0 0 0 0 0 0 0 0 0 0 0 0 0 0 0 0 0 0 0 0 0 0 0 0 0 0 0 0 0 0 1 2 6 6 8 9 11 12 15 15 17 16 18 21 23 27 30 31 33 33 33 33 33 33 32 32 32 32 31 31 43 53 75 -1 -1 -1 -1 -1 -1 -1 -1 -1 -1 -1 -1 -1 -1 -1 -1 -1 -1 50 79 88 0 0 0 0 0 0 0 0 0 0 0 0 0 0 0 0 0 0 0 0 0 0 0 0 0 0 0 0 0 0 0 0 0 0 0 0 0 0 0 0 0 0 0 0 0 0 0 90 84 -1 -1 -1 -1 -1 -1 -1 -1 -1 -1 -1
-1 -1 -1 -1 -1 -1 -1 -1 -1 -1 -1 -1 -1 74 87 17 0 0 0 0 0 0 0 0 0 0 0 0 0 0 0 0 0 0 0 0 0 0 0 0 0 0 0 0 0 0 0 0 0 0 0 0 0 0 0 0 0 0 0 0 1 5 5 7 9 12 13 15 15 16 20 24 28 30 30 32 33 33 32 32 32 32 31 31 42 55 75 -1 -1 -1 -1 -1 -1 -1 -1 -1 -1 -1 -1 -1 -1 -1 -1 -1 -1 50 70 88 24 0 0 0 0 0 0 0 0 0 0 0 0 0 8 0 0 0 0 0 0 0 0 0 0 0 0 0 0 0 0 0 0 0 0 0 0 0 0 0 0 0 0 0 0 0 22 91 83 59 -1 -1 -1 -1 -1 -1 -1 -1 -1 -1
-1 -1 -1 -1 -1 -1 -1 -1 -1 -1 -1 -1 -1 69 89 40 1 1 0 0 0 0 0 0 0 0 0 0 0 0 0 0 0 0 0 0 0 0 0 0 0 0 0 0 0 0 0 0 0 0 0 0 0 0 0 0 0 0 0 0 0 0 0 0 0 1 2 4 8 9 12 13 14 17 23 28 30 31 32 32 32 32 32 31 42 53 74 57 -1 -1 -1 -1 -1 -1 -1 -1 -1 -1 -1 -1 -1 -1 -1 -1 -1 50 68 88 23 0 0 0 0 0 0 0 0 0 0 0 0 0 0 0 0 0 0 0 0 0 0 0 0 0 0 0 0 0 0 0 0 0 0 0 0 0 0 0 0 0 0 0 0 0 23 92 83 59 -1 -1 -1 -1 -1 -1 -1 -1 -1 -1
-1 -1 -1 -1 -1 -1 -1 -1 -1 -1 -1 -1 -1 65 88 48 1 1 1 0 0 0 0 0 0 0 0 0 0 0 0 0 0 0 0 0 0 0 0 0 0 0 0 0 0 0 0 0 0 0 0 0 0 0 0 0 0 0 0 0 0 0 0 0 0 0 0 0 0 0 0 2 6 8 11 11 15 23 29 30 30 31 32 32 42 52 63 68 -1 -1 -1 -1 -1 -1 -1 -1 -1 49 52 55 48 48 52 52 -1 47 60 88 18 0 0 0 0 0 0 0 0 0 0 0 0 0 0 0 0 0 0 0 0 0 0 0 0 0 0 0 0 0 0 0 0 0 0 0 0 0 0 0 0 0 0 0 0 0 12 88 89 64 -1 -1 -1 -1 -1 -1 -1 -1 -1 -1
-1 -1 -1 -1 -1 -1 -1 -1 -1 -1 -1 -1 -1 60 86 47 1 1 1 1 0 0 0 0 0 0 0 0 0 0 0 0 0 0 0 0 0 0 0 0 0 0 0 0 0 0 0 0 0 0 0 0 0 0 0 0 0 0 0 0 0 0 0 0 0 0 0 0 0 0 0 0 0 0 0 0 2 7 9 13 20 28 30 31 42 52 51 73 54 55 55 -1 -1 49 48 48 48 48 48 47 52 57 63 72 73 76 85 88 16 0 0 0 0 0 0 0 0 0 0 0 0 0 0 0 0 0 0 0 0 0 0 0 0 0 0 0 0 0 0 0 0 0 0 0 0 0 0 0 0 0 0 0 0 0 5 80 91 67 -1 -1 -1 -1 -1 -1 -1 -1 -1 -1
-1 -1 -1 -1 -1 -1 -1 -1 -1 -1 -1 -1 -1 57 83 46 2 2 2 2 0 0 0 0 0 0 0 0 0 0 0 0 0 0 0 0 0 0 0 0 0 0 0 0 0 0 0 0 0 0 0 0 0 0 0 0 0 0 0 0 0 0 0 0 0 0 0 0 0 0 0 0 0 0 0 0 0 0 0 0 0 4 10 19 37 53 58 73 46 54 55 52 47 54 61 73 75 82 85 90 89 89 89 85 78 77 78 71 0 0 0 0 0 0 0 0 0 0 0 0 0 0 0 0 0 0 0 0 0 0 0 0 0 0 0 0 0 0 0 0 0 0 0 0 0 0 0 0 0 0 0 0 0 0 4 76 91 68 -1 -1 -1 -1 -1 -1 -1 -1 -1 -1
-1 -1 -1 -1 -1 -1 -1 -1 -1 -1 -1 -1 -1 56 82 45 2 2 2 2 2 0 0 0 0 0 0 0 0 0 0 0 0 0 0 0 0 0 0 0 0 0 0 0 0 0 0 0 0 0 0 0 0 0 0 0 0 0 0 0 0 0 0 0 0 0 0 0 0 0 0 0 0 0 0 0 0 0 0 0 0 0 0 0 0 22 49 76 56 81 86 91 91 91 90 87 82 81 81 80 77 74 31 0 0 0 0 0 0 0 0 0 0 0 0 0 0 0 0 0 0 0 0 0 0 0 0 0 0 0 0 0 0 0 0 0 0 0 0 0 0 0 0 0 0 0 0 0 0 0 0 0 0 0 0 69 92 73 -1 -1 -1 -1 -1 -1 -1 -1 -1 -1
-1 -1 -1 -1 -1 -1 -1 -1 -1 -1 -1 -1 -1 56 83 49 3 3 3 3 3 2 0 0 0 0 0 0 0 0 0 0 0 0 0 0 0 0 0 0 0 0 0 0 0 0 0 0 0 0 0 0 0 0 0 0 0 0 0 0 0 0 0 0 0 0 0 0 0 0 0 0 0 0 0 0 0 0 0 0 0 0 0 0 0 0 0 58 62 77 79 80 76 55 23 4 0 0 0 0 0 0 0 0 0 0 0 0 0 0 0 0 0 0 0 0 0 0 0 0 0 0 0 0 0 0 0 0 0 0 0 0 0 0 0 0 0 0 0 0 0 0 0 0 0 0 0 0 0 0 0 0 0 0 0 52 92 75 -1 -1 -1 -1 -1 -1 -1 -1 -1 -1
-1 -1 -1 -1 -1 -1 -1 -1 -1 -1 -1 -1 -1 56 84 51 2 2 2 2 2 2 0 0 0 0 0 0 0 0 0 0 0 0 0 0 0 0 0 0 0 0 0 0 0 0 0 0 0 0 0 0 0 0 0 0 0 0 0 0 0 0 0 0 0 0 0 0 0 0 0 0 0 0 0 0 0 0 0 0 0 0 0 0 0 0 0 0 0 0 0 0 0 0 0 0 0 0 0 0 0 0 0 0 0 0 0 0 0 0 0 0 0 0 0 0 0 0 0 0 0 0 0 0 0 0 0 0 0 0 0 0 0 0 0 0 0 0 0 0 0 0 0 0 0 0 0 0 0 0 0 0 0 0 0 42 92 77 -1 -1 -1 -1 -1 -1 -1 -1 -1 -1
-1 -1 -1 -1 -1 -1 -1 -1 -1 -1 -1 -1 -1 54 85 60 2 2 2 2 2 2 2 0 0 0 0 0 0 0 0 0 0 0 0 0 0 0 0 0 0 0 0 0 0 0 0 0 0 0 0 0 0 0 0 0 0 0 0 0 0 0 0 0 0 0 0 0 0 0 0 0 0 0 0 0 0 0 0 0 0 0 0 0 0 0 0 0 0 0 0 0 0 0 0 0 0 0 0 0 0 0 0 0 0 0 0 0 0 0 0 0 0 0 0 0 0 0 0 0 0 0 0 0 0 0 0 0 0 0 0 0 0 0 0 0 0 0 0 0 0 0 0 0 0 0 0 0 0 0 0 0 0 0 0 34 92 77 57 -1 -1 -1 -1 -1 -1 -1 -1 -1
-1 -1 -1 -1 -1 -1 -1 -1 -1 -1 -1 -1 -1 -1 82 63 2 2 2 2 2 2 2 2 0 0 0 0 0 0 0 0 0 0 0 0 0 0 0 0 0 0 0 0 0 0 0 0 0 0 0 0 0 0 0 0 0 0 0 0 0 0 0 0 0 0 0 0 0 0 0 0 0 0 0 0 0 0 0 0 0 0 0 0 0 0 0 0 0 0 0 0 0 0 0 0 0 0 0 0 0 0 0 0 0 0 0 0 0 0 0 0 0 0 0 0 0 0 0 0 0 0 0 0 0 2 2 0 0 0 0 0 0 0 0 0 0 0 0 0 0 0 0 0 0 0 0 0 0 0 0 0 0 0 0 33 91 78 59 -1 -1 -1 -1 -1 -1 -1 -1 -1
-1 -1 -1 -1 -1 -1 -1 -1 -1 -1 -1 -1 -1 -1 77 79 5 3 3 3 3 3 3 3 2 0 0 0 0 0 0 0 0 0 0 0 0 0 0 0 0 0 0 0 0 0 0 0 0 0 0 0 0 0 0 0 0 0 0 0 0 0 0 0 0 0 0 0 0 0 0 0 0 0 0 0 0 0 0 0 0 0 0 0 0 0 0 0 0 0 0 0 0 0 0 0 0 0 0 0 0 0 0 0 0 0 0 0 0 0 0 0 0 0 0 0 0 0 0 0 0 0 0 0 0 0 0 0 0 0 0 0 0 0 0 0 0 0 0 0 0 0 0 0 0 0 0 0 0 0 0 0 0 0 0 22 91 78 59 -1 -1 -1 -1 -1 -1 -1 -1 -1
-1 -1 -1 -1 -1 -1 -1 -1 -1 -1 -1 -1 -1 -1 74 85 27 3 3 3 3 3 3 3 3 0 0 0 0 0 0 0 0 0 0 0 0 0 0 0 0 0 0 0 0 0 0 0 0 0 0 0 0 0 0 0 0 0 0 0 0 0 0 0 0 0 0 0 0 0 0 0 0 0 0 0 0 0 0 0 0 0 0 0 0 0 0 0 0 0 0 0 0 0 0 0 0 0 0 0 0 0 0 0 0 0 0 0 0 0 0 0 0 0 0 0 0 0 0 0 0 0 0 0 0 0 0 0 0 0 0 0 0 0 0 0 0 0 0 0 0 0 0 0 0 0 0 0 0 0 0 0 0 0 0 10 90 80 59 -1 -1 -1 -1 -1 -1 -1 -1 -1
-1 -1 -1 -1 -1 -1 -1 -1 -1 -1 -1 -1 -1 -1 68 86 36 3 3 3 3 3 3 3 3 3 0 0 0 0 0 0 0 0 0 0 0 0 0 0 0 0 0 0 0 0 0 0 0 0 0 0 0 0 0 0 0 0 0 0 0 0 0 0 0 0 0 0 0 0 0 0 0 0 0 0 0 0 0 0 0 0 0 0 0 0 0 0 0 0 0 0 0 0 0 0 0 0 0 0 0 0 0 0 0 0 0 0 0 0 0 0 0 0 0 0 0 0 0 0 0 0 0 0 0 0 0 0 0 0 0 0 0 0 0 0 0 0 0 0 0 0 0 0 0 0 0 0 0 0 0 0 0 0 0 12 90 82 61 -1 -1 -1 -1 -1 -1 -1 -1 -1
-1 -1 -1 -1 -1 -1 -1 -1 -1 -1 -1 -1 -1 -1 65 84 36 4 4 4 4 4 4 4 3 3 3 0 0 0 0 0 0 0 0 0 0 0 0 0 0 0 0 0 0 0 0 0 0 0 0 0 0 0 0 0 0 0 0 0 0 0 0 0 0 0 0 0 0 0 0 0 0 0 0 0 0 0 0 0 0 0 0 0 0 0 0 0 0 0 0 0 0 0 0 0 0 0 0 0 0 0 0 0 0 0 0 0 0 0 0 0 0 0 0 0 0 0 0 0 0 0 0 0 0 0 0 0 0 0 0 0 0 0 0 0 0 0 0 0 0 0 0 0 0 0 0 0 0 0 0 0 0 0 0 10 89 86 64 -1 -1 -1 -1 -1 -1 -1 -1 -1
-1 -1 -1 -1 -1 -1 -1 -1 -1 -1 -1 -1 -1 -1 61 82 35 4 4 4 4 4 4 4 4 4 4 0 0 0 0 0 0 0 0 0 0 0 0 0 0 0 0 0 0 0 0 0 0 0 0 0 0 0 0 0 0 0 0 0 0 0 0 0 0 0 0 0 0 0 0 0 0 0 0 0 0 0 0 0 0 0 0 0 0 0 0 0 0 0 0 0 0 0 0 0 0 0 0 0 0 0 0 0 0 0 0 0 0 0 0 0 0 0 0 0 0 0 0 0 0 0 0 0 0 0 0 0 0 0 0 0 0 0 0 0 0 0 0 0 0 0 0 0 0 0 0 0 0 0 0 0 0 0 0 13 88 87 64 -1 -1 -1 -1 -1 -1 -1 -1 -1
-1 -1 -1 -1 -1 -1 -1 -1 -1 -1 -1 -1 -1 -1 60 81 34 4 4 4 4 4 4 4 4 4 4 4 1 0 0 0 0 0 0 0 0 0 0 0 0 0 0 0 0 0 0 0 0 0 0 0 0 0 0 0 0 0 0 0 0 0 0 0 0 0 0 0 0 0 0 0 0 0 0 0 0 0 0 0 0 0 0 0 0 0 0 0 0 0 0 0 0 0 0 0 0 0 0 0 0 0 0 0 0 0 0 0 0 0 0 0 0 0 0 0 0 0 0 0 0 0 0 0 0 0 0 0 0 0 0 0 0 0 0 0 0 0 0 0 0 0 0 0 0 0 0 0 0 0 0 0 0 0 0 15 87 87 65 -1 -1 -1 -1 -1 -1 -1 -1 -1
-1 -1 -1 -1 -1 -1 -1 -1 -1 -1 -1 -1 -1 -1 61 81 33 4 4 4 4 4 4 4 4 5 5 5 5 1 0 0 0 0 0 0 0 0 0 0 0 0 0 0 0 0 0 0 0 0 0 0 0 0 0 0 0 0 0 0 0 0 0 0 0 0 0 0 0 0 0 0 0 0 0 0 0 0 0 0 0 0 0 0 0 0 0 0 0 0 0 0 0 0 0 0 0 0 0 0 0 0 0 0 0 0 0 0 0 0 0 0 0 0 0 0 0 0 0 0 0 0 0 0 233 0 0 0 0 0 0 0 0 0 0 0 0 0 0 0 0 0 0 0 0 0 0 0 0 0 0 0 0 0 0 13 83 88 67 -1 -1 -1 -1 -1 -1 -1 -1 -1
-1 -1 -1 -1 -1 -1 -1 -1 -1 -1 -1 -1 -1 -1 61 81 32 5 5 5 5 5 5 5 5 5 5 5 5 2 2 1 1 0 0 0 0 0 0 0 0 0 0 0 0 0 0 0 0 0 0 0 0 0 0 0 0 0 0 0 0 0 0 0 0 0 0 0 0 0 0 0 0 0 0 0 0 0 0 0 0 0 0 0 0 0 0 0 0 0 0 0 0 0 0 0 0 0 0 0 0 0 0 0 0 0 0 0 0 0 0 0 0 0 0 0 0 0 0 0 0 0 0 0 0 0 0 0 0 0 0 0 0 0 0 0 0 0 0 0 0 0 0 0 0 0 0 0 0 0 0 0 0 0 0 2 75 89 66 55 -1 -1 -1 -1 -1 -1 -1 -1
-1 -1 -1 -1 -1 -1 -1 -1 -1 -1 -1 -1 -1 -1 62 88 42 5 5 5 5 5 5 5 5 5 5 5 5 5 2 2 2 1 0 0 0 0 0 0 0 0 0 0 0 0 0 0 0 0 0 0 0 0 0 0 0 0 0 0 0 0 0 0 0 0 0 0 0 0 0 0 0 0 0 0 0 0 0 0 0 0 0 0 0 0 0 0 0 0 0 0 0 0 0 0 0 0 0 0 0 0 0 0 0 0 0 0 0 0 0 0 2 5 5 0 0 0 0 0 0 0 0 0 0 0 0 0 0 0 0 0 0 0 0 0 0 0 0 0 0 0 0 0 0 0 0 0 0 0 0 0 0 0 0 0 75 90 68 59 -1 -1 -1 -1 -1 -1 -1 -1
-1 -1 -1 -1 -1 -1 -1 -1 -1 -1 -1 -1 -1 -1 53 86 51 6 6 6 6 6 6 6 6 6 6 6 6 6 6 2 1 0 0 0 0 0 0 0 0 0 0 0 0 0 0 0 0 0 0 0 0 0 0 0 0 0 0 0 0 0 0 0 0 0 0 0 0 0 0 0 0 0 0 0 0 0 0 0 0 0 0 0 0 0 0 0 0 0 0 0 0 0 0 0 0 0 0 0 0 0 0 0 0 0 0 0 1 0 2 7 13 17 15 11 5 0 0 0 0 0 0 0 0 0 0 0 0 0 0 0 0 0 0 0 0 0 0 0 0 0 0 0 0 0 0 0 0 0 0 0 0 0 0 0 73 90 62 59 -1 -1 -1 -1 -1 -1 -1 -1
-1 -1 -1 -1 -1 -1 -1 -1 -1 -1 -1 -1 -1 -1 -1 86 61 6 6 6 6 6 6 6 6 6 6 5 5 5 5 0 0 0 0 0 0 0 0 0 0 0 0 0 0 0 0 0 0 0 0 0 0 0 0 0 0 0 0 0 0 0 0 0 0 0 0 0 0 0 0 0 0 0 0 0 0 0 0 0 0 0 0 0 0 0 0 0 0 0 0 0 0 0 0 0 0 0 0 0 0 0 0 0 0 0 2 4 6 9 12 15 19 20 19 17 11 0 0 0 0 0 0 0 0 0 0 0 0 0 0 0 0 0 0 0 0 0 0 0 0 0 0 0 0 0 0 0 0 0 0 0 0 0 0 0 73 90 67 59 -1 -1 -1 -1 -1 -1 -1 -1
-1 -1 -1 -1 -1 -1 -1 -1 -1 -1 -1 -1 -1 -1 -1 78 76 13 7 7 6 6 6 6 5 5 5 5 5 5 1 1 0 0 0 0 0 0 0 0 0 0 0 0 0 0 0 0 0 0 0 0 0 0 0 0 0 0 0 0 0 0 0 0 0 0 0 0 0 0 0 0 0 0 0 0 0 0 0 0 0 0 0 0 0 0 0 0 0 0 0 0 0 0 0 0 0 0 0 0 0 0 0 0 3 4 5 9 13 15 19 23 23 20 19 17 8 0 0 0 0 0 0 0 0 0 0 0 0 0 0 0 0 0 0 0 0 0 0 0 0 0 0 0 0 0 0 0 0 0 0 0 0 0 0 0 67 89 70 59 -1 -1 -1 -1 -1 -1 -1 -1
-1 -1 -1 -1 -1 -1 -1 -1 -1 -1 -1 -1 -1 -1 -1 75 82 23 7 6 6 5 5 5 5 5 5 5 5 2 1 0 0 1 0 0 0 0 0 0 0 0 0 0 0 0 0 0 0 0 0 0 0 0 0 0 0 0 0 0 0 0 0 0 0 0 0 0 0 0 0 0 0 0 0 0 0 0 0 0 0 0 0 0 0 0 0 0 0 0 0 0 0 0 0 0 0 0 0 0 0 0 2 4 5 7 9 13 15 20 23 23 21 20 19 15 6 0 0 0 0 0 0 0 0 0 0 0 0 0 0 0 0 0 0 0 0 0 0 0 0 0 0 0 0 0 0 0 0 0 0 0 0 0 0 0 64 89 70 59 -1 -1 -1 -1 -1 -1 -1 -1
-1 -1 -1 -1 -1 -1 -1 -1 -1 -1 -1 -1 -1 -1 -1 71 83 25 5 6 6 6 6 6 6 6 6 6 6 2 1 0 0 0 0 0 0 0 0 0 0 0 0 0 0 0 0 0 0 0 0 0 0 0 0 0 0 0 0 0 0 0 0 0 0 0 0 0 0 0 0 0 0 0 0 0 0 0 0 0 0 0 0 0 0 0 0 0 0 0 0 0 0 0 0 0 0 0 0 0 0 3 5 6 7 10 13 15 20 24 25 23 21 20 18 15 6 0 0 0 0 0 0 0 0 0 0 0 0 0 0 0 0 0 0 0 0 0 0 0 0 0 0 0 0 0 0 0 0 0 0 0 0 0 0 0 62 88 71 59 -1 -1 -1 -1 -1 -1 -1 -1
-1 -1 -1 -1 -1 -1 -1 -1 -1 -1 -1 -1 -1 -1 -1 67 81 25 6 6 6 6 6 6 6 6 6 6 1 0 0 0 0 0 0 0 0 0 0 0 0 0 0 0 0 0 0 0 0 0 0 0 0 0 0 0 0 0 0 0 0 0 0 0 0 0 0 0 0 0 0 0 0 0 0 0 0 0 0 0 0 0 0 0 0 0 0 0 0 0 0 0 0 0 0 0 0 0 0 2 4 6 7 9 15 17 20 22 22 25 24 23 20 19 18 13 4 0 0 0 3 2 0 0 0 0 0 0 0 0 0 0 0 0 0 0 0 0 0 0 0 0 0 0 0 0 0 0 0 0 0 0 0 0 0 0 56 88 70 60 -1 -1 -1 -1 -1 -1 -1 -1
-1 -1 -1 -1 -1 -1 -1 -1 -1 -1 -1 -1 -1 -1 -1 65 80 24 6 6 6 6 6 5 5 5 5 2 0 0 5 0 5 4 0 0 0 0 0 0 0 0 0 0 0 0 0 0 0 0 0 0 0 0 0 0 0 0 0 0 0 0 0 0 0 0 0 0 0 0 0 0 0 0 0 0 0 0 0 0 0 0 0 0 0 0 0 0 0 0 0 0 0 0 0 0 0 0 0 4 8 10 9 11 15 18 21 22 25 26 24 21 20 19 16 12 3 0 2 31 15 0 0 0 0 0 0 0 0 0 0 0 0 0 0 0 0 0 0 0 0 0 0 0 0 0 0 0 0 0 0 0 0 0 0 0 52 88 76 60 -1 -1 -1 -1 -1 -1 -1 -1
-1 -1 -1 -1 -1 -1 -1 -1 -1 -1 -1 -1 -1 -1 -1 66 80 23 7 7 6 5 5 5 5 5 2 0 0 0 19 5 0 0 0 0 0 2 0 0 0 1 0 0 0 0 0 0 0 0 0 0 0 0 0 0 0 0 0 0 0 0 0 0 0 0 0 0 0 0 0 0 0 0 0 0 0 0 0 0 0 0 0 0 0 0 0 0 0 0 0 0 0 0 0 0 0 0 3 6 9 10 13 14 16 18 22 25 27 25 24 23 23 19 19 13 5 16 31 11 0 0 0 0 0 0 0 0 0 0 0 0 0 0 0 0 0 0 0 0 0 0 0 0 0 0 0 0 0 0 0 0 0 0 0 0 44 89 78 60 -1 -1 -1 -1 -1 -1 -1 -1
-1 -1 -1 -1 -1 -1 -1 -1 -1 -1 -1 -1 -1 -1 -1 66 80 21 6 6 5 5 5 5 5 6 2 1 0 0 0 0 0 0 0 0 0 0 0 0 0 0 0 0 0 0 0 0 0 0 0 0 0 0 0 0 0 0 0 0 0 0 0 0 0 0 0 0 0 0 0 0 0 0 0 0 0 0 0 0 0 0 0 0 0 0 0 0 0 0 0 0 0 0 0 5 1 4 7 15 12 13 14 16 18 22 24 26 24 23 22 21 21 24 15 15 16 11 10 0 0 0 0 0 0 0 0 0 0 0 0 0 0 0 0 0 0 0 0 0 0 0 0 0 0 0 0 0 0 0 0 0 0 0 0 0 33 87 81 51 -1 -1 -1 -1 -1 -1 -1 -1
-1 -1 -1 -1 -1 -1 -1 -1 -1 -1 -1 -1 -1 -1 -1 67 87 24 6 6 6 6 6 6 5 2 1 0 0 0 0 0 0 0 0 0 0 0 0 0 0 0 0 0 0 0 0 0 0 0 0 0 0 0 0 0 0 0 0 0 0 0 0 0 0 0 0 0 0 0 0 0 0 0 0 0 0 0 0 0 0 0 0 0 0 0 0 0 0 0 0 0 0 0 0 8 5 8 9 12 13 14 16 25 26 23 25 31 29 28 26 31 30 28 25 13 9 0 0 2 0 0 0 0 0 0 0 0 0 0 0 0 0 18 0 0 3 30 42 44 0 0 0 0 0 0 0 0 0 0 0 0 0 0 0 0 23 87 81 51 -1 -1 -1 -1 -1 -1 -1 -1
-1 -1 -1 -1 -1 -1 -1 -1 -1 -1 -1 -1 -1 -1 -1 56 91 39 7 6 6 5 5 5 2 0 0 0 0 1 0 0 0 0 0 0 0 0 0 0 0 0 0 0 0 0 0 0 0 0 0 0 0 0 0 0 0 0 0 0 0 0 0 0 0 0 0 0 0 0 0 0 0 0 0 0 0 0 0 0 0 0 0 0 0 0 0 0 0 0 0 0 0 0 3 5 7 9 12 13 14 16 19 21 23 26 26 24 24 23 20 20 18 17 14 6 2 0 0 0 0 0 0 0 0 0 0 0 0 0 0 57 65 63 67 72 78 82 84 81 19 0 0 0 0 0 0 0 0 0 0 0 0 0 0 0 22 85 82 52 -1 -1 -1 -1 -1 -1 -1 -1
-1 -1 -1 -1 -1 -1 -1 -1 -1 -1 -1 -1 -1 -1 -1 -1 89 43 6 5 5 5 5 5 0 0 0 0 0 3 0 0 0 0 0 0 0 0 0 0 0 0 0 0 0 0 0 0 0 0 0 0 0 0 0 0 0 0 0 0 0 0 0 0 0 0 0 0 0 0 0 0 0 0 0 0 0 0 0 0 0 0 0 0 0 0 0 0 0 0 0 0 0 3 5 7 11 13 13 15 15 19 21 24 25 26 25 24 23 21 20 19 24 16 13 5 1 0 0 0 0 0 0 0 0 0 0 0 0 0 4 80 87 75 77 73 74 75 75 55 28 12 2 0 0 0 0 0 0 0 0 0 0 0 0 0 20 85 82 54 -1 -1 -1 -1 -1 -1 -1 -1
-1 -1 -1 -1 -1 -1 -1 -1 -1 -1 -1 -1 -1 -1 -1 -1 86 56 8 5 5 4 4 1 0 0 0 0 0 1 0 0 0 0 0 0 0 0 0 0 0 0 0 0 0 0 0 0 0 0 0 0 0 0 0 0 0 0 0 0 0 0 0 0 0 0 0 0 0 0 0 0 0 0 0 0 0 0 0 0 0 0 0 0 0 0 0 0 0 0 0 1 3 5 7 10 13 14 15 16 19 22 23 25 27 26 24 24 23 21 25 30 18 16 12 4 1 0 0 0 0 0 0 0 0 0 0 0 0 0 19 84 86 57 59 -1 -1 -1 50 50 43 36 21 7 3 0 0 0 0 0 0 0 0 0 0 0 15 84 85 56 -1 -1 -1 -1 -1 -1 -1 -1
-1 -1 -1 -1 -1 -1 -1 -1 -1 -1 -1 -1 -1 -1 -1 -1 83 73 12 5 5 5 1 0 0 0 0 0 0 1 0 0 0 0 0 0 0 0 0 0 0 0 0 0 0 0 0 0 0 0 0 0 0 0 0 0 0 0 0 0 0 0 0 0 0 0 0 0 0 0 0 0 0 0 0 0 0 0 0 0 0 0 0 0 0 0 0 0 0 0 2 4 5 6 10 12 14 15 16 19 22 22 24 26 26 25 24 23 22 25 20 20 17 16 10 4 2 0 0 0 0 0 0 0 0 0 0 0 0 0 19 81 85 56 59 -1 -1 -1 -1 -1 50 49 41 29 16 7 2 0 0 0 0 0 0 0 0 0 19 84 87 57 -1 -1 -1 -1 -1 -1 -1 -1
-1 -1 -1 -1 -1 -1 -1 -1 -1 -1 -1 -1 -1 -1 -1 -1 78 79 13 5 5 5 0 0 0 0 0 0 0 0 0 0 0 0 0 0 0 0 0 0 0 0 0 0 0 0 0 0 0 0 0 0 0 0 0 0 0 0 0 0 0 0 0 0 0 0 0 0 0 0 0 0 0 0 0 0 0 0 0 0 0 0 0 0 0 0 0 0 0 1 4 5 7 9 13 14 15 16 18 20 21 24 26 26 26 24 24 23 22 21 20 19 17 16 10 4 7 0 0 1 0 0 0 0 0 0 0 0 0 0 25 83 84 58 57 -1 -1 -1 -1 -1 -1 50 49 46 35 25 14 20 15 28 26 23 33 44 54 56 75 86 87 55 -1 -1 -1 -1 -1 -1 -1 -1
-1 -1 -1 -1 -1 -1 -1 -1 -1 -1 -1 -1 -1 -1 -1 -1 72 78 12 4 4 0 0 0 0 0 0 0 0 0 0 0 0 0 0 0 0 0 0 0 0 0 0 0 0 0 0 0 0 0 0 0 0 0 0 0 0 0 0 0 0 0 0 0 0 0 0 0 0 0 0 0 0 0 0 0 0 0 0 0 0 0 0 0 0 0 0 0 2 4 5 7 9 12 14 16 16 18 20 26 23 25 28 26 25 24 24 23 22 21 20 30 17 15 14 8 9 7 12 12 29 26 23 19 5 0 0 2 0 0 16 78 84 55 50 -1 -1 -1 -1 -1 -1 -1 -1 50 48 43 38 25 56 69 72 71 71 78 78 78 84 82 64 52 -1 -1 -1 -1 -1 -1 -1 -1
-1 -1 -1 -1 -1 -1 -1 -1 -1 -1 -1 -1 -1 -1 -1 52 78 78 10 4 0 0 0 0 0 0 0 4 1 0 0 0 0 0 0 0 0 0 0 0 0 0 0 0 0 0 0 0 0 0 0 0 0 0 0 0 0 0 0 0 0 0 0 0 0 0 0 0 0 0 0 0 0 0 0 0 0 0 0 0 0 0 0 0 0 0 1 2 4 6 10 10 12 14 16 16 17 19 23 23 25 32 27 26 24 29 24 26 32 21 36 41 38 41 25 19 18 31 33 44 36 28 35 35 20 37 58 60 60 62 67 85 85 56 50 -1 -1 -1 -1 -1 -1 -1 -1 -1 -1 49 48 51 65 72 77 72 70 74 75 72 72 63 53 50 -1 -1 -1 -1 -1 -1 -1 -1
-1 -1 -1 -1 -1 -1 -1 -1 -1 -1 -1 -1 -1 -1 -1 64 85 62 5 1 0 0 0 0 0 0 1 8 14 9 16 49 24 0 0 0 0 0 0 0 0 0 0 0 0 0 0 0 0 0 0 0 0 0 0 0 0 0 0 0 0 0 0 0 0 0 0 0 0 0 0 0 0 0 0 0 0 0 0 0 0 0 0 0 0 5 13 4 10 18 15 20 23 23 18 20 24 29 33 34 49 38 44 42 46 40 45 52 44 52 39 33 53 55 70 75 78 75 76 81 79 80 82 80 79 80 79 79 80 83 86 87 68 54 50 -1 -1 -1 -1 -1 -1 -1 -1 -1 -1 -1 -1 51 55 60 58 57 58 58 58 58 58 52 50 -1 -1 -1 -1 -1 -1 -1 -1 -1
-1 -1 -1 -1 -1 -1 -1 -1 -1 -1 -1 -1 -1 -1 -1 70 76 43 4 0 1 0 0 17 25 33 54 49 42 59 51 75 70 5 0 0 0 0 0 0 0 0 0 0 0 0 0 0 0 0 0 0 0 0 0 0 0 0 0 0 0 0 0 0 0 0 0 0 0 0 0 0 0 0 0 0 0 0 0 0 4 0 0 2 13 10 19 27 24 37 33 33 47 53 62 59 60 59 60 61 56 60 70 75 75 75 75 75 75 75 75 76 75 77 80 83 84 83 81 84 79 76 69 66 69 68 68 69 69 70 71 67 51 -1 -1 -1 -1 -1 -1 -1 -1 -1 -1 -1 -1 -1 -1 -1 -1 51 51 50 -1 -1 -1 -1 -1 -1 -1 -1 -1 -1 -1 -1 -1 -1 -1 -1
-1 -1 -1 -1 -1 -1 -1 -1 -1 -1 -1 -1 -1 -1 -1 71 89 29 0 21 25 16 32 47 42 37 51 51 45 47 58 72 92 25 15 0 0 0 0 0 0 0 0 0 0 0 0 0 0 0 0 0 0 0 0 0 0 0 0 0 0 0 0 0 0 0 0 0 0 0 0 0 0 0 0 2 2 2 15 21 25 31 59 76 73 76 80 78 72 83 87 87 85 85 82 80 78 76 75 75 75 75 75 64 63 66 58 59 59 57 52 51 52 52 54 56 57 61 60 57 52 50 -1 -1 -1 -1 -1 -1 -1 -1 -1 -1 -1 -1 -1 -1 -1 -1 -1 -1 -1 -1 -1 -1 -1 -1 -1 -1 -1 -1 -1 -1 -1 -1 -1 -1 -1 -1 -1 -1 -1 -1 -1 -1 -1 -1 -1 -1
-1 -1 -1 -1 -1 -1 -1 -1 -1 -1 -1 -1 -1 -1 -1 56 92 49 48 36 37 31 36 41 38 39 42 46 49 49 52 64 91 31 0 0 0 0 0 0 0 0 0 0 0 0 0 0 0 0 0 0 0 0 0 0 0 0 0 0 0 0 9 7 8 6 15 13 15 28 34 25 50 67 77 81 82 83 91 93 92 91 92 90 87 87 87 85 85 82 79 72 70 64 59 55 55 55 52 -1 -1 -1 -1 -1 -1 -1 -1 -1 -1 -1 -1 -1 -1 -1 -1 -1 -1 -1 -1 -1 -1 -1 -1 -1 -1 -1 -1 -1 -1 -1 -1 -1 -1 -1 -1 -1 -1 -1 -1 -1 -1 -1 -1 -1 -1 -1 -1 -1 -1 -1 -1 -1 -1 -1 -1 -1 -1 -1 -1 -1 -1 -1 -1 -1 -1 -1 -1 -1
-1 -1 -1 -1 -1 -1 -1 -1 -1 -1 -1 -1 -1 -1 -1 -1 77 75 58 46 40 37 38 42 45 45 49 -1 -1 -1 -1 55 89 46 0 0 0 0 0 0 0 0 0 0 0 0 0 0 0 1 2 4 10 23 18 25 31 42 42 47 49 61 64 70 79 82 85 87 89 91 90 90 90 91 87 85 84 84 82 78 63 57 54 53 53 53 50 -1 -1 -1 -1 -1 -1 -1 -1 -1 -1 -1 -1 -1 -1 -1 -1 -1 -1 -1 -1 -1 -1 -1 -1 -1 -1 -1 -1 -1 -1 -1 -1 -1 -1 -1 -1 -1 -1 -1 -1 -1 -1 -1 -1 -1 -1 -1 -1 -1 -1 -1 -1 -1 -1 -1 -1 -1 -1 -1 -1 -1 -1 -1 -1 -1 -1 -1 -1 -1 -1 -1 -1 -1 -1 -1 -1 -1 -1 -1 -1 -1
-1 -1 -1 -1 -1 -1 -1 -1 -1 -1 -1 -1 -1 -1 -1 -1 52 63 61 51 42 44 44 45 46 48 -1 -1 -1 -1 -1 52 87 62 2 0 2 8 9 21 9 20 18 29 35 35 43 47 69 77 71 72 78 85 86 87 88 90 91 89 88 87 88 86 83 82 77 77 74 69 56 52 52 -1 -1 -1 -1 -1 -1 -1 -1 -1 -1 -1 -1 -1 -1 -1 -1 -1 -1 -1 -1 -1 -1 -1 -1 -1 -1 -1 -1 -1 -1 -1 -1 -1 -1 -1 -1 -1 -1 -1 -1 -1 -1 -1 -1 -1 -1 -1 -1 -1 -1 -1 -1 -1 -1 -1 -1 -1 -1 -1 -1 -1 -1 -1 -1 -1 -1 -1 -1 -1 -1 -1 -1 -1 -1 -1 -1 -1 -1 -1 -1 -1 -1 -1 -1 -1 -1 -1 -1 -1 -1 -1 -1 -1 -1 -1
-1 -1 -1 -1 -1 -1 -1 -1 -1 -1 -1 -1 -1 -1 -1 -1 52 51 58 44 45 45 45 46 46 49 -1 -1 -1 -1 -1 53 84 85 56 54 55 66 72 78 79 81 83 84 85 88 88 89 87 80 83 82 81 78 69 64 67 68 68 61 60 55 56 -1 -1 -1 -1 -1 -1 -1 -1 -1 -1 -1 -1 -1 -1 -1 -1 -1 -1 -1 -1 -1 -1 -1 -1 -1 -1 -1 -1 -1 -1 -1 -1 -1 -1 -1 -1 -1 -1 -1 -1 -1 -1 -1 -1 -1 -1 -1 -1 -1 -1 -1 -1 -1 -1 -1 -1 -1 -1 -1 -1 -1 -1 -1 -1 -1 -1 -1 -1 -1 -1 -1 -1 -1 -1 -1 -1 -1 -1 -1 -1 -1 -1 -1 -1 -1 -1 -1 -1 -1 -1 -1 -1 -1 -1 -1 -1 -1 -1 -1 -1 -1 -1 -1 -1 -1
-1 -1 -1 -1 -1 -1 -1 -1 -1 -1 -1 -1 -1 -1 -1 -1 52 48 58 45 45 45 45 46 54 -1 -1 -1 -1 -1 -1 52 63 87 76 75 73 72 80 81 80 79 80 69 70 68 66 56 62 47 52 -1 -1 -1 -1 -1 -1 -1 -1 -1 -1 -1 -1 -1 -1 -1 -1 -1 -1 -1 -1 -1 -1 -1 -1 -1 -1 -1 -1 -1 -1 -1 -1 -1 -1 -1 -1 -1 -1 -1 -1 -1 -1 -1 -1 -1 -1 -1 -1 -1 -1 -1 -1 -1 -1 -1 -1 -1 -1 -1 -1 -1 -1 -1 -1 -1 -1 -1 -1 -1 -1 -1 -1 -1 -1 -1 -1 -1 -1 -1 -1 -1 -1 -1 -1 -1 -1 -1 -1 -1 -1 -1 -1 -1 -1 -1 -1 -1 -1 -1 -1 -1 -1 -1 -1 -1 -1 -1 -1 -1 -1 -1 -1 -1 -1 -1 -1 -1
-1 -1 -1 -1 -1 -1 -1 -1 -1 -1 -1 -1 -1 -1 -1 52 55 52 58 45 45 45 46 59 49 -1 -1 -1 -1 -1 -1 -1 -1 69 65 66 69 65 66 56 54 48 -1 -1 -1 -1 -1 -1 -1 -1 -1 -1 -1 -1 -1 -1 -1 -1 -1 -1 -1 -1 -1 -1 -1 -1 -1 -1 -1 -1 -1 -1 -1 -1 -1 -1 -1 -1 -1 -1 -1 -1 -1 -1 -1 -1 -1 -1 -1 -1 -1 -1 -1 -1 -1 -1 -1 -1 -1 -1 -1 -1 -1 -1 -1 -1 -1 -1 -1 -1 -1 -1 -1 -1 -1 -1 -1 -1 -1 -1 -1 -1 -1 -1 -1 -1 -1 -1 -1 -1 -1 -1 -1 -1 -1 -1 -1 -1 -1 -1 -1 -1 -1 -1 -1 -1 -1 -1 -1 -1 -1 -1 -1 -1 -1 -1 -1 -1 -1 -1 -1 -1 -1 -1 -1 -1 -1 -1
-1 -1 -1 -1 -1 -1 -1 -1 -1 -1 -1 -1 -1 -1 -1 -1 -1 52 59 61 61 61 59 55 -1 -1 -1 -1 -1 -1 -1 -1 -1 -1 -1 -1 -1 -1 -1 -1 -1 -1 -1 -1 -1 -1 -1 -1 -1 -1 -1 -1 -1 -1 -1 -1 -1 -1 -1 -1 -1 -1 -1 -1 -1 -1 -1 -1 -1 -1 -1 -1 -1 -1 -1 -1 -1 -1 -1 -1 -1 -1 -1 -1 -1 -1 -1 -1 -1 -1 -1 -1 -1 -1 -1 -1 -1 -1 -1 -1 -1 -1 -1 -1 -1 -1 -1 -1 -1 -1 -1 -1 -1 -1 -1 -1 -1 -1 -1 -1 -1 -1 -1 -1 -1 -1 -1 -1 -1 -1 -1 -1 -1 -1 -1 -1 -1 -1 -1 -1 -1 -1 -1 -1 -1 -1 -1 -1 -1 -1 -1 -1 -1 -1 -1 -1 -1 -1 -1 -1 -1 -1 -1 -1 -1 -1 -1 -1
-1 -1 -1 -1 -1 -1 -1 -1 -1 -1 -1 -1 -1 -1 -1 -1 -1 -1 -1 52 -1 -1 -1 -1 -1 -1 -1 -1 -1 -1 -1 -1 -1 -1 -1 -1 -1 -1 -1 -1 -1 -1 -1 -1 -1 -1 -1 -1 -1 -1 -1 -1 -1 -1 -1 -1 -1 -1 -1 -1 -1 -1 -1 -1 -1 -1 -1 -1 -1 -1 -1 -1 -1 -1 -1 -1 -1 -1 -1 -1 -1 -1 -1 -1 -1 -1 -1 -1 -1 -1 -1 -1 -1 -1 -1 -1 -1 -1 -1 -1 -1 -1 -1 -1 -1 -1 -1 -1 -1 -1 -1 -1 -1 -1 -1 -1 -1 -1 -1 -1 -1 -1 -1 -1 -1 -1 -1 -1 -1 -1 -1 -1 -1 -1 -1 -1 -1 -1 -1 -1 -1 -1 -1 -1 -1 -1 -1 -1 -1 -1 -1 -1 -1 -1 -1 -1 -1 -1 -1 -1 -1 -1 -1 -1 -1 -1 -1 -1
-1 -1 -1 -1 -1 -1 -1 -1 -1 -1 -1 -1 -1 -1 -1 -1 -1 -1 -1 -1 -1 -1 -1 -1 -1 -1 -1 -1 -1 -1 -1 -1 -1 -1 -1 -1 -1 -1 -1 -1 -1 -1 -1 -1 -1 -1 -1 -1 -1 -1 -1 -1 -1 -1 -1 -1 -1 -1 -1 -1 -1 -1 -1 -1 -1 -1 -1 -1 -1 -1 -1 -1 -1 -1 -1 -1 -1 -1 -1 -1 -1 -1 -1 -1 -1 -1 -1 -1 -1 -1 -1 -1 -1 -1 -1 -1 -1 -1 -1 -1 -1 -1 -1 -1 -1 -1 -1 -1 -1 -1 -1 -1 -1 -1 -1 -1 -1 -1 -1 -1 -1 -1 -1 -1 -1 -1 -1 -1 -1 -1 -1 -1 -1 -1 -1 -1 -1 -1 -1 -1 -1 -1 -1 -1 -1 -1 -1 -1 -1 -1 -1 -1 -1 -1 -1 -1 -1 -1 -1 -1 -1 -1 -1 -1 -1 -1 -1 -1
-1 -1 -1 -1 -1 -1 -1 -1 -1 -1 -1 -1 -1 -1 -1 -1 -1 -1 -1 -1 -1 -1 -1 -1 -1 -1 -1 -1 -1 -1 -1 -1 -1 -1 -1 -1 -1 -1 -1 -1 -1 -1 -1 -1 -1 -1 -1 -1 -1 -1 -1 -1 -1 -1 -1 -1 -1 -1 -1 -1 -1 -1 -1 -1 -1 -1 -1 -1 -1 -1 -1 -1 -1 -1 -1 -1 -1 -1 -1 -1 -1 -1 -1 -1 -1 -1 -1 -1 -1 -1 -1 -1 -1 -1 -1 -1 -1 -1 -1 -1 -1 -1 -1 -1 -1 -1 -1 -1 -1 -1 -1 -1 -1 -1 -1 -1 -1 -1 -1 -1 -1 -1 -1 -1 -1 -1 -1 -1 -1 -1 -1 -1 -1 -1 -1 -1 -1 -1 -1 -1 -1 -1 -1 -1 -1 -1 -1 -1 -1 -1 -1 -1 -1 -1 -1 -1 -1 -1 -1 -1 -1 -1 -1 -1 -1 -1 -1 -1
-1 -1 -1 -1 -1 -1 -1 -1 -1 -1 -1 -1 -1 -1 -1 -1 -1 -1 -1 -1 -1 -1 -1 -1 -1 -1 -1 -1 -1 -1 -1 -1 -1 -1 -1 -1 -1 -1 -1 -1 -1 -1 -1 -1 -1 -1 -1 -1 -1 -1 -1 -1 -1 -1 -1 -1 -1 -1 -1 -1 -1 -1 -1 -1 -1 -1 -1 -1 -1 -1 -1 -1 -1 -1 -1 -1 -1 -1 -1 -1 -1 -1 -1 -1 -1 -1 -1 -1 -1 -1 -1 -1 -1 -1 -1 -1 -1 -1 -1 -1 -1 -1 -1 -1 -1 -1 -1 -1 -1 -1 -1 -1 -1 -1 -1 -1 -1 -1 -1 -1 -1 -1 -1 -1 -1 -1 -1 -1 -1 -1 -1 -1 -1 -1 -1 -1 -1 -1 -1 -1 -1 -1 -1 -1 -1 -1 -1 -1 -1 -1 -1 -1 -1 -1 -1 -1 -1 -1 -1 -1 -1 -1 -1 -1 -1 -1 -1 -1
-1 -1 -1 -1 -1 -1 -1 -1 -1 -1 -1 -1 -1 -1 -1 -1 -1 -1 -1 -1 -1 -1 -1 -1 -1 -1 -1 -1 -1 -1 -1 -1 -1 -1 -1 -1 -1 -1 -1 -1 -1 -1 -1 -1 -1 -1 -1 -1 -1 -1 -1 -1 -1 -1 -1 -1 -1 -1 -1 -1 -1 -1 -1 -1 -1 -1 -1 -1 -1 -1 -1 -1 -1 -1 -1 -1 -1 -1 -1 -1 -1 -1 -1 -1 -1 -1 -1 -1 -1 -1 -1 -1 -1 -1 -1 -1 -1 -1 -1 -1 -1 -1 -1 -1 -1 -1 -1 -1 -1 -1 -1 -1 -1 -1 -1 -1 -1 -1 -1 -1 -1 -1 -1 -1 -1 -1 -1 -1 -1 -1 -1 -1 -1 -1 -1 -1 -1 -1 -1 -1 -1 -1 -1 -1 -1 -1 -1 -1 -1 -1 -1 -1 -1 -1 -1 -1 -1 -1 -1 -1 -1 -1 -1 -1 -1 -1 -1 -1
-1 -1 -1 -1 -1 -1 -1 -1 -1 -1 -1 -1 -1 -1 -1 -1 -1 -1 -1 -1 -1 -1 -1 -1 -1 -1 -1 -1 -1 -1 -1 -1 -1 -1 -1 -1 -1 -1 -1 -1 -1 -1 -1 -1 -1 -1 -1 -1 -1 -1 -1 -1 -1 -1 -1 -1 -1 -1 -1 -1 -1 -1 -1 -1 -1 -1 -1 -1 -1 -1 -1 -1 -1 -1 -1 -1 -1 -1 -1 -1 -1 -1 -1 -1 -1 -1 -1 -1 -1 -1 -1 -1 -1 -1 -1 -1 -1 -1 -1 -1 -1 -1 -1 -1 -1 -1 -1 -1 -1 -1 -1 -1 -1 -1 -1 -1 -1 -1 -1 -1 -1 -1 -1 -1 -1 -1 -1 -1 -1 -1 -1 -1 -1 -1 -1 -1 -1 -1 -1 -1 -1 -1 -1 -1 -1 -1 -1 -1 -1 -1 -1 -1 -1 -1 -1 -1 -1 -1 -1 -1 -1 -1 -1 -1 -1 -1 -1 -1
