Resolution: 0.05000000074505806
Width: 181
Height: 163
Origin: position: 
  x: -2.0
  y: -6.3500000000000005
  z: 0.0
orientation: 
  x: 0.0
  y: 0.0
  z: 0.0
  w: 1.0
Data:
-1 -1 -1 -1 -1 -1 -1 -1 -1 -1 -1 -1 -1 -1 -1 -1 -1 -1 -1 -1 -1 -1 -1 -1 -1 -1 -1 -1 -1 -1 -1 -1 -1 -1 -1 -1 -1 -1 -1 -1 -1 -1 -1 -1 -1 -1 -1 -1 -1 -1 -1 -1 -1 -1 -1 -1 -1 -1 -1 -1 -1 -1 -1 -1 -1 -1 -1 -1 -1 -1 -1 -1 -1 -1 -1 -1 -1 -1 -1 -1 -1 -1 -1 -1 -1 -1 -1 -1 -1 -1 -1 -1 -1 -1 -1 -1 -1 -1 -1 -1 -1 -1 -1 -1 -1 -1 -1 -1 -1 -1 -1 -1 -1 -1 -1 -1 -1 -1 -1 -1 -1 -1 -1 -1 -1 -1 -1 -1 -1 -1 -1 -1 -1 -1 -1 -1 -1 -1 -1 -1 -1 -1 -1 -1 -1 -1 -1 -1 -1 -1 -1 -1 -1 -1 -1 -1 -1 -1 -1 -1 -1 -1 -1 -1 -1 -1 -1 -1 -1 -1 -1 -1 -1 -1 -1 -1 -1 -1 -1 -1 -1
-1 -1 -1 -1 -1 -1 -1 -1 -1 -1 -1 -1 -1 -1 -1 -1 -1 -1 -1 -1 -1 -1 -1 -1 -1 -1 -1 -1 -1 -1 -1 -1 -1 -1 -1 -1 -1 -1 -1 -1 -1 -1 -1 -1 -1 -1 -1 -1 -1 -1 -1 -1 -1 -1 -1 -1 -1 -1 -1 -1 -1 -1 -1 -1 -1 -1 -1 -1 -1 -1 -1 -1 -1 -1 -1 -1 -1 -1 -1 -1 -1 -1 -1 -1 -1 -1 -1 -1 -1 -1 -1 -1 -1 -1 -1 -1 -1 -1 -1 -1 -1 -1 -1 -1 -1 -1 -1 -1 -1 -1 -1 -1 -1 -1 -1 -1 -1 -1 -1 -1 -1 -1 -1 -1 -1 -1 -1 -1 -1 -1 -1 -1 -1 -1 -1 -1 -1 -1 -1 -1 -1 -1 -1 -1 -1 -1 -1 -1 -1 -1 -1 -1 -1 -1 -1 -1 -1 -1 -1 -1 -1 -1 -1 -1 -1 -1 -1 -1 -1 -1 -1 -1 -1 -1 -1 -1 -1 -1 -1 -1 -1
-1 -1 -1 -1 -1 -1 -1 -1 -1 -1 -1 -1 -1 -1 -1 -1 -1 -1 -1 -1 -1 -1 -1 -1 -1 -1 -1 -1 -1 -1 -1 -1 -1 -1 -1 -1 -1 -1 -1 -1 -1 -1 -1 -1 -1 -1 -1 -1 -1 -1 -1 -1 -1 -1 -1 -1 -1 -1 -1 -1 -1 -1 -1 -1 -1 -1 -1 -1 -1 -1 -1 -1 -1 -1 -1 -1 -1 -1 -1 -1 -1 -1 -1 -1 -1 -1 -1 -1 -1 -1 -1 -1 -1 -1 -1 -1 -1 -1 -1 -1 -1 -1 -1 -1 -1 -1 -1 -1 -1 -1 -1 -1 -1 -1 -1 -1 -1 -1 -1 -1 -1 -1 -1 -1 -1 -1 -1 -1 -1 -1 -1 -1 -1 -1 -1 -1 -1 -1 -1 -1 -1 -1 -1 -1 -1 -1 -1 -1 -1 -1 -1 -1 -1 -1 -1 -1 -1 -1 -1 -1 -1 -1 -1 -1 -1 -1 -1 -1 -1 -1 -1 -1 -1 -1 -1 -1 -1 -1 -1 -1 -1
-1 -1 -1 -1 -1 -1 -1 -1 -1 -1 -1 -1 -1 -1 -1 -1 -1 -1 -1 -1 -1 -1 -1 -1 -1 -1 -1 -1 -1 -1 -1 -1 -1 -1 -1 -1 -1 -1 -1 -1 -1 -1 -1 -1 -1 -1 -1 -1 -1 -1 -1 -1 -1 -1 -1 -1 -1 -1 -1 -1 -1 -1 -1 -1 -1 -1 -1 -1 -1 -1 -1 -1 -1 -1 -1 -1 -1 -1 -1 -1 -1 -1 -1 -1 -1 -1 -1 -1 -1 -1 -1 -1 -1 -1 -1 -1 -1 -1 -1 -1 -1 -1 -1 -1 -1 -1 -1 -1 -1 -1 -1 -1 -1 -1 -1 -1 -1 -1 -1 -1 -1 -1 -1 -1 -1 -1 -1 -1 -1 -1 -1 -1 -1 -1 -1 -1 -1 -1 -1 -1 -1 -1 -1 -1 -1 -1 -1 -1 -1 -1 -1 -1 -1 -1 -1 -1 -1 -1 -1 -1 -1 -1 -1 -1 -1 -1 -1 -1 -1 -1 -1 -1 -1 -1 -1 -1 -1 -1 -1 -1 -1
-1 -1 -1 -1 -1 -1 -1 -1 -1 -1 -1 -1 -1 -1 -1 -1 -1 -1 -1 -1 -1 -1 -1 -1 -1 -1 -1 -1 -1 -1 -1 -1 -1 -1 -1 -1 -1 -1 -1 -1 -1 -1 -1 -1 -1 -1 -1 -1 -1 -1 -1 -1 -1 -1 -1 -1 -1 -1 -1 -1 -1 -1 -1 -1 -1 -1 -1 -1 -1 -1 -1 -1 -1 -1 -1 -1 -1 -1 -1 -1 -1 -1 -1 -1 -1 -1 -1 -1 -1 -1 -1 -1 -1 -1 -1 -1 -1 -1 -1 -1 -1 -1 -1 -1 -1 -1 -1 -1 -1 -1 -1 -1 -1 -1 -1 -1 -1 -1 -1 -1 -1 -1 -1 -1 -1 -1 -1 -1 -1 -1 -1 -1 -1 -1 -1 -1 -1 -1 -1 -1 -1 -1 -1 -1 -1 -1 -1 -1 -1 -1 -1 -1 -1 -1 -1 -1 -1 -1 -1 -1 -1 -1 -1 -1 -1 -1 -1 -1 -1 -1 -1 -1 -1 -1 -1 -1 -1 -1 -1 -1 -1
-1 -1 -1 -1 -1 -1 -1 -1 -1 -1 -1 -1 -1 -1 -1 -1 -1 -1 -1 -1 -1 -1 -1 -1 -1 -1 -1 -1 -1 -1 -1 -1 -1 -1 -1 -1 -1 -1 -1 -1 -1 -1 -1 -1 -1 -1 -1 -1 -1 -1 -1 -1 -1 -1 -1 -1 -1 -1 -1 -1 -1 -1 -1 -1 -1 -1 -1 -1 -1 -1 -1 -1 -1 -1 -1 -1 -1 -1 -1 -1 -1 -1 -1 -1 -1 -1 -1 -1 -1 -1 -1 -1 -1 -1 -1 52 52 -1 -1 -1 -1 -1 -1 -1 -1 -1 -1 -1 -1 -1 -1 -1 -1 -1 -1 -1 -1 -1 -1 -1 -1 -1 -1 -1 -1 -1 -1 -1 -1 -1 -1 -1 -1 -1 -1 -1 -1 -1 -1 -1 -1 -1 -1 -1 -1 -1 -1 -1 -1 -1 -1 -1 -1 -1 -1 -1 -1 -1 -1 -1 -1 -1 -1 -1 -1 -1 -1 -1 -1 -1 -1 -1 -1 -1 -1 -1 -1 -1 -1 -1 -1
-1 -1 -1 -1 -1 -1 -1 -1 -1 -1 -1 -1 -1 -1 -1 -1 -1 -1 -1 -1 -1 -1 -1 -1 -1 -1 -1 -1 -1 -1 -1 -1 -1 -1 -1 -1 -1 -1 -1 -1 -1 -1 -1 -1 -1 -1 -1 -1 -1 -1 -1 -1 -1 -1 -1 -1 -1 -1 -1 -1 -1 -1 -1 -1 -1 -1 -1 -1 -1 -1 -1 -1 -1 -1 -1 -1 -1 -1 -1 -1 -1 -1 -1 -1 -1 -1 -1 64 64 64 64 64 64 64 64 64 61 52 -1 -1 -1 -1 -1 -1 -1 -1 -1 -1 -1 -1 -1 -1 -1 -1 -1 -1 -1 -1 50 51 51 51 -1 -1 -1 -1 -1 -1 -1 -1 -1 -1 -1 -1 -1 -1 -1 -1 -1 -1 -1 -1 -1 -1 -1 -1 -1 -1 -1 -1 -1 -1 -1 -1 -1 -1 -1 -1 -1 -1 -1 -1 -1 -1 -1 -1 -1 -1 -1 -1 -1 -1 -1 -1 -1 -1 -1 -1 -1 -1 -1
-1 -1 -1 -1 -1 -1 -1 -1 -1 -1 -1 -1 -1 -1 -1 -1 -1 -1 -1 -1 -1 -1 -1 -1 -1 -1 -1 -1 -1 -1 -1 -1 -1 -1 -1 -1 -1 -1 -1 -1 -1 -1 -1 -1 -1 -1 -1 -1 -1 -1 -1 -1 -1 52 55 57 64 64 64 64 64 64 64 64 64 64 52 -1 -1 -1 -1 -1 -1 -1 -1 -1 -1 -1 -1 -1 -1 -1 -1 -1 -1 -1 45 49 49 49 49 49 49 49 49 49 49 52 -1 -1 -1 -1 -1 -1 -1 -1 -1 -1 50 51 51 51 51 51 51 51 51 52 52 52 52 52 52 51 -1 -1 -1 -1 -1 -1 -1 -1 -1 -1 -1 -1 -1 -1 -1 -1 -1 -1 -1 -1 -1 -1 -1 -1 -1 -1 -1 -1 -1 -1 -1 -1 -1 -1 -1 -1 -1 -1 -1 -1 -1 -1 -1 -1 -1 -1 -1 -1 -1 -1 -1 -1 -1 -1 -1 -1 -1
-1 -1 -1 -1 -1 -1 -1 -1 -1 -1 -1 -1 -1 -1 -1 -1 -1 -1 -1 -1 -1 -1 -1 -1 -1 -1 -1 -1 -1 -1 -1 -1 -1 -1 52 52 52 52 55 59 61 64 64 64 64 64 64 64 64 64 64 64 64 61 61 58 53 44 44 44 44 44 49 49 49 49 -1 -1 -1 -1 -1 -1 -1 -1 -1 -1 -1 -1 -1 -1 -1 -1 -1 -1 -1 -1 44 44 44 44 44 44 44 44 44 44 46 49 -1 -1 -1 -1 -1 50 50 51 51 51 51 52 51 51 51 51 51 50 50 52 52 50 51 52 53 51 -1 -1 -1 -1 -1 -1 -1 -1 -1 -1 -1 -1 -1 -1 -1 -1 -1 -1 -1 -1 -1 -1 -1 -1 -1 -1 -1 -1 -1 -1 -1 -1 -1 -1 -1 -1 -1 -1 -1 -1 -1 -1 -1 -1 -1 -1 -1 -1 -1 -1 -1 -1 -1 -1 -1 -1 -1
-1 -1 -1 -1 -1 -1 -1 -1 -1 55 64 64 64 53 52 52 52 52 59 64 64 64 64 64 64 64 64 64 64 64 64 64 64 64 61 61 61 61 61 58 53 50 44 44 44 44 49 49 49 49 50 50 50 51 51 51 51 51 51 51 50 50 45 44 44 44 -1 -1 -1 -1 -1 -1 -1 -1 -1 -1 -1 -1 -1 -1 -1 -1 -1 -1 -1 -1 44 44 44 44 44 44 44 44 48 48 52 52 -1 -1 -1 -1 50 50 49 51 51 53 53 53 54 58 60 65 67 73 70 73 73 73 73 76 75 75 75 64 -1 -1 -1 -1 -1 -1 -1 -1 -1 -1 -1 -1 -1 -1 -1 -1 -1 -1 -1 -1 -1 -1 -1 -1 -1 -1 -1 -1 -1 -1 -1 -1 -1 -1 -1 -1 -1 -1 -1 -1 -1 -1 -1 -1 -1 -1 -1 -1 -1 -1 -1 -1 -1 -1 -1
-1 -1 -1 -1 -1 -1 -1 -1 -1 54 49 49 49 60 61 61 61 61 55 50 44 44 44 44 44 49 49 44 49 49 49 49 49 49 49 49 49 49 49 49 49 51 51 50 51 52 46 46 46 46 46 46 46 46 47 45 45 45 45 45 44 44 46 44 44 48 -1 -1 -1 -1 -1 -1 -1 -1 -1 -1 -1 -1 -1 -1 -1 -1 -1 -1 -1 44 44 44 47 51 56 55 56 58 58 58 67 65 73 73 73 70 70 71 74 71 74 74 71 69 69 63 63 59 53 42 50 42 37 36 37 48 45 40 45 53 -1 -1 -1 -1 -1 -1 -1 -1 -1 -1 -1 -1 -1 -1 -1 -1 -1 -1 -1 -1 -1 -1 -1 -1 -1 -1 -1 -1 -1 -1 -1 -1 -1 -1 -1 -1 -1 -1 -1 -1 -1 -1 -1 -1 -1 -1 -1 -1 -1 -1 -1 -1 -1 -1 -1
-1 -1 -1 -1 -1 -1 -1 -1 -1 52 44 44 44 49 49 49 49 49 49 49 49 49 49 49 49 49 44 49 45 45 47 47 46 46 46 46 46 46 46 46 46 47 46 46 46 45 45 45 45 45 44 44 44 44 48 49 49 49 49 50 51 51 52 51 56 61 61 55 55 52 55 55 59 59 61 59 57 57 55 55 -1 -1 -1 -1 -1 44 44 44 40 53 55 55 51 51 54 53 56 53 50 44 45 45 39 39 38 39 39 39 39 39 39 39 38 36 36 36 37 37 36 36 37 52 43 40 70 52 -1 -1 -1 -1 -1 -1 -1 -1 -1 -1 -1 -1 -1 -1 -1 -1 -1 -1 -1 -1 -1 -1 -1 -1 -1 -1 -1 -1 -1 -1 -1 -1 -1 -1 -1 -1 -1 -1 -1 -1 -1 -1 -1 -1 -1 -1 -1 -1 -1 -1 -1 -1 -1 -1 -1
-1 -1 -1 -1 -1 -1 -1 -1 -1 52 44 44 48 48 44 44 44 44 44 44 44 44 44 45 45 45 45 46 46 46 44 44 44 49 49 52 52 55 55 52 52 59 62 67 62 61 63 65 65 67 65 67 70 73 73 73 73 73 73 73 74 74 75 75 75 75 75 75 75 75 74 67 62 55 58 51 47 47 48 48 -1 -1 -1 -1 45 44 44 42 39 38 37 37 36 35 36 39 39 39 39 39 41 39 39 38 39 39 39 39 39 39 39 38 36 36 36 37 37 36 36 36 36 51 43 41 70 52 -1 -1 -1 -1 -1 -1 -1 -1 -1 -1 -1 -1 -1 -1 -1 -1 -1 -1 -1 -1 -1 -1 -1 -1 -1 -1 -1 -1 -1 -1 -1 -1 -1 -1 -1 -1 -1 -1 -1 -1 -1 -1 -1 -1 -1 -1 -1 -1 -1 -1 -1 -1 -1 -1 -1
-1 -1 -1 -1 -1 -1 -1 -1 -1 -1 60 56 56 54 51 48 48 51 51 51 51 51 51 53 52 52 56 62 66 64 70 72 73 73 73 73 73 73 73 73 73 73 73 73 73 73 73 70 70 70 70 71 71 71 67 58 47 47 31 25 22 22 24 24 24 30 27 32 35 37 38 41 42 44 46 46 47 48 48 -1 -1 -1 -1 -1 44 44 44 41 39 37 37 36 35 35 39 39 39 39 39 40 39 39 38 38 39 39 39 38 39 39 38 36 36 36 36 36 36 36 36 36 36 51 44 40 69 55 -1 -1 -1 -1 -1 -1 -1 -1 -1 -1 -1 -1 -1 -1 -1 -1 -1 -1 -1 -1 -1 -1 -1 -1 -1 -1 -1 -1 -1 -1 -1 -1 -1 -1 -1 -1 -1 -1 -1 -1 -1 -1 -1 -1 -1 -1 -1 -1 -1 -1 -1 -1 -1 -1 -1
-1 -1 -1 -1 -1 -1 -1 57 66 75 75 75 75 75 66 71 75 75 75 75 75 75 75 75 74 74 75 75 73 73 73 73 72 64 58 50 47 42 42 25 25 25 20 20 20 14 14 14 14 14 14 14 14 14 14 14 14 14 14 15 16 17 18 18 18 24 30 33 35 38 40 42 44 45 46 47 48 48 -1 -1 -1 -1 -1 -1 44 44 42 39 38 37 37 35 35 36 39 39 39 39 39 39 38 38 38 39 39 39 38 39 38 37 36 36 36 36 36 36 36 36 36 36 36 51 44 40 72 55 -1 -1 -1 -1 -1 -1 -1 -1 -1 -1 -1 -1 -1 -1 -1 -1 -1 -1 -1 -1 -1 -1 -1 -1 -1 -1 -1 -1 -1 -1 -1 -1 -1 -1 -1 -1 -1 -1 -1 -1 -1 -1 -1 -1 -1 -1 -1 -1 -1 -1 -1 -1 -1 -1 -1
-1 -1 -1 -1 -1 -1 52 56 48 56 46 23 27 53 75 75 65 68 67 59 56 51 45 44 33 22 22 21 15 14 14 14 14 14 14 14 14 14 14 14 14 14 14 14 14 14 14 14 14 14 14 14 14 14 14 14 14 14 14 15 16 17 18 18 24 24 32 35 36 38 41 42 45 46 47 47 48 -1 -1 -1 -1 -1 -1 44 44 44 42 39 37 37 36 35 33 39 39 39 38 39 38 38 39 38 39 39 39 38 39 38 37 36 36 36 36 36 36 36 36 36 36 36 36 49 49 40 69 59 -1 -1 -1 -1 -1 -1 -1 -1 -1 -1 -1 -1 -1 -1 -1 -1 -1 -1 -1 -1 -1 -1 -1 -1 -1 -1 -1 -1 -1 -1 -1 -1 -1 -1 -1 -1 -1 -1 -1 -1 -1 -1 -1 -1 -1 -1 -1 -1 -1 -1 -1 -1 -1 -1 -1
-1 -1 -1 -1 -1 -1 -1 51 50 37 50 27 26 32 21 21 21 25 29 24 18 18 18 17 17 16 16 15 15 14 14 14 14 14 14 14 14 14 14 14 14 14 14 14 14 14 14 14 14 14 14 14 14 14 14 14 14 14 14 15 16 17 18 18 24 25 32 35 38 40 42 44 46 46 47 48 -1 -1 -1 -1 -1 -1 -1 44 44 42 39 38 37 36 35 35 36 38 39 38 39 37 38 38 38 38 39 39 38 38 38 36 36 36 36 35 36 36 36 36 36 36 35 34 35 42 53 40 69 64 -1 -1 -1 -1 -1 -1 -1 -1 -1 -1 -1 -1 -1 -1 -1 -1 -1 -1 -1 -1 -1 -1 -1 -1 -1 -1 -1 -1 -1 -1 -1 -1 -1 -1 -1 -1 -1 -1 -1 -1 -1 -1 -1 -1 -1 -1 -1 -1 -1 -1 -1 -1 -1 -1 -1
-1 -1 -1 -1 -1 -1 -1 49 46 42 47 23 22 21 21 21 21 21 19 18 18 18 18 18 17 17 16 16 15 15 14 14 14 14 14 14 14 14 14 14 14 14 14 14 14 14 14 14 14 14 14 14 14 14 14 14 14 14 14 15 16 17 18 18 24 26 32 36 38 41 42 45 46 47 48 49 -1 -1 -1 -1 -1 -1 45 44 44 42 39 37 37 36 35 33 39 39 39 38 38 37 38 38 38 39 39 38 38 38 36 36 36 36 35 35 36 36 36 36 36 34 34 35 35 42 53 40 61 64 52 -1 -1 -1 -1 -1 -1 -1 -1 -1 -1 -1 -1 -1 -1 -1 -1 -1 -1 -1 -1 -1 -1 -1 -1 -1 -1 -1 -1 -1 -1 -1 -1 -1 -1 -1 -1 -1 -1 -1 -1 -1 -1 -1 -1 -1 -1 -1 -1 -1 -1 -1 -1 -1 -1
-1 -1 -1 -1 -1 -1 -1 -1 48 45 42 28 22 21 21 21 21 21 20 18 18 18 18 18 17 17 16 16 16 15 15 14 14 14 14 14 14 14 14 14 14 14 14 14 14 14 14 14 14 14 14 14 14 14 14 14 14 14 14 15 16 17 18 18 24 30 35 36 39 42 45 46 47 48 48 -1 -1 -1 -1 -1 -1 -1 44 44 44 40 38 37 36 35 35 35 38 39 38 38 36 38 38 38 38 39 38 37 36 36 36 36 36 35 35 36 36 36 36 35 34 34 35 35 35 42 53 40 53 73 -1 -1 -1 -1 -1 -1 -1 -1 -1 -1 -1 -1 -1 -1 -1 -1 -1 -1 -1 -1 -1 -1 -1 -1 -1 -1 -1 -1 -1 -1 -1 -1 -1 -1 -1 -1 -1 -1 -1 -1 -1 -1 -1 -1 -1 -1 -1 -1 -1 -1 -1 -1 -1 -1 -1
-1 -1 -1 -1 -1 -1 -1 -1 -1 47 35 28 22 22 21 21 21 21 21 19 18 18 18 18 18 17 17 16 16 15 15 14 14 14 14 14 14 14 14 14 14 14 14 14 14 14 14 14 14 14 14 14 14 14 14 14 14 14 14 15 17 18 18 23 25 32 35 38 41 44 46 47 48 48 -1 -1 -1 -1 -1 -1 -1 -1 44 44 42 39 37 37 35 35 33 38 39 38 37 36 38 37 38 38 39 38 37 36 36 36 36 36 35 35 36 36 36 36 34 34 34 35 35 35 35 42 53 44 44 75 52 -1 -1 -1 -1 -1 -1 -1 -1 -1 -1 -1 -1 -1 -1 -1 -1 -1 -1 -1 -1 -1 -1 -1 -1 -1 -1 -1 -1 -1 -1 -1 -1 -1 -1 -1 -1 -1 -1 -1 -1 -1 -1 -1 -1 -1 -1 -1 -1 -1 -1 -1 -1 -1 -1
-1 -1 -1 -1 -1 -1 -1 -1 -1 -1 54 35 22 22 22 21 21 21 21 21 19 18 18 18 18 18 17 17 16 16 15 15 14 14 14 14 14 14 14 14 14 14 14 14 14 14 14 14 14 14 14 14 14 14 14 14 14 14 14 15 17 18 18 24 25 32 36 38 42 45 46 47 48 -1 -1 -1 -1 -1 -1 -1 -1 44 44 44 42 38 37 36 35 33 35 38 38 37 36 36 37 38 38 37 38 37 36 36 36 36 35 35 35 36 36 36 34 34 34 34 35 35 35 35 35 36 50 45 38 75 52 -1 -1 -1 -1 -1 -1 -1 -1 -1 -1 -1 -1 -1 -1 -1 -1 -1 -1 -1 -1 -1 -1 -1 -1 -1 -1 -1 -1 -1 -1 -1 -1 -1 -1 -1 -1 -1 -1 -1 -1 -1 -1 -1 -1 -1 -1 -1 -1 -1 -1 -1 -1 -1 -1
-1 -1 -1 -1 -1 -1 -1 -1 -1 -1 54 45 28 22 22 22 21 21 21 21 21 19 18 18 18 18 18 17 17 16 16 15 15 14 14 14 14 14 14 14 14 14 14 14 14 14 14 14 14 14 14 14 14 14 14 14 14 14 14 15 17 18 18 24 26 35 37 41 44 46 47 48 -1 -1 -1 -1 -1 -1 -1 -1 -1 44 44 42 39 37 37 35 35 33 36 39 38 35 36 37 37 38 37 38 37 36 35 36 36 35 35 35 35 36 36 34 34 34 34 35 35 35 35 35 33 34 48 44 38 75 -1 -1 -1 -1 -1 -1 -1 -1 -1 -1 -1 -1 -1 -1 -1 -1 -1 -1 -1 -1 -1 -1 -1 -1 -1 -1 -1 -1 -1 -1 -1 -1 -1 -1 -1 -1 -1 -1 -1 -1 -1 -1 -1 -1 -1 -1 -1 -1 -1 -1 -1 -1 -1 -1 -1
-1 -1 -1 -1 -1 -1 -1 -1 -1 -1 -1 45 23 22 22 22 21 21 21 21 21 20 18 18 18 18 18 17 17 16 16 16 15 15 14 14 14 14 14 14 14 14 14 14 14 14 14 14 14 14 14 14 14 14 14 14 14 14 14 15 17 18 18 24 28 35 38 42 45 47 48 -1 -1 -1 -1 -1 -1 -1 -1 -1 46 44 44 42 39 37 36 35 33 35 38 38 36 36 35 37 38 37 37 36 36 35 36 36 35 35 35 35 36 34 34 34 34 34 35 35 35 35 33 33 33 33 47 45 38 75 -1 -1 -1 -1 -1 -1 -1 -1 -1 -1 -1 -1 -1 -1 -1 -1 -1 -1 -1 -1 -1 -1 -1 -1 -1 -1 -1 -1 -1 -1 -1 -1 -1 -1 -1 -1 -1 -1 -1 -1 -1 -1 -1 -1 -1 -1 -1 -1 -1 -1 -1 -1 -1 -1 -1
-1 -1 -1 -1 -1 -1 -1 -1 -1 -1 -1 69 60 22 22 22 22 21 21 21 21 21 19 18 18 18 18 18 17 17 16 16 15 15 14 14 14 14 14 14 14 14 14 14 14 14 14 14 14 14 14 14 14 14 14 14 14 14 14 15 17 18 18 25 32 36 42 45 46 48 -1 -1 -1 -1 -1 -1 -1 -1 -1 -1 44 44 44 39 37 37 35 33 33 35 38 36 35 35 37 37 37 36 36 35 35 36 35 35 35 35 35 36 34 34 34 34 34 34 35 35 33 33 33 33 33 33 47 46 39 75 -1 -1 -1 -1 -1 -1 -1 -1 -1 -1 -1 -1 -1 -1 -1 -1 -1 -1 -1 -1 -1 -1 -1 -1 -1 -1 -1 -1 -1 -1 -1 -1 -1 -1 -1 -1 -1 -1 -1 -1 -1 -1 -1 -1 -1 -1 -1 -1 -1 -1 -1 -1 -1 -1 -1
-1 -1 -1 -1 -1 -1 -1 -1 -1 -1 -1 70 59 22 22 22 22 22 21 21 21 21 21 19 18 18 18 18 18 17 17 16 16 15 15 14 14 14 14 14 14 14 14 14 14 14 14 14 14 14 14 14 14 14 14 14 14 14 14 15 17 18 23 25 32 38 42 46 48 -1 -1 -1 -1 -1 -1 -1 -1 -1 -1 -1 44 44 42 39 37 36 35 33 33 38 36 35 36 35 37 37 36 36 35 35 35 35 35 35 35 35 33 34 34 34 34 34 34 35 33 33 33 33 33 33 33 33 45 47 44 75 -1 -1 -1 -1 -1 -1 -1 -1 -1 -1 -1 -1 -1 -1 -1 -1 -1 -1 -1 -1 -1 -1 -1 -1 -1 -1 -1 -1 -1 -1 -1 -1 -1 -1 -1 -1 -1 -1 -1 -1 -1 -1 -1 -1 -1 -1 -1 -1 -1 -1 -1 -1 -1 -1 -1
-1 -1 -1 -1 -1 -1 -1 59 61 64 64 64 73 23 27 22 22 22 22 21 21 21 21 20 19 18 18 18 18 17 17 16 16 16 15 15 14 14 14 14 14 14 14 14 14 14 14 14 14 14 14 14 14 14 14 14 14 14 14 15 18 18 24 25 35 41 45 47 48 -1 -1 -1 -1 -1 -1 -1 -1 -1 -1 44 44 44 39 37 37 35 33 33 35 36 35 35 35 37 36 36 35 35 35 35 35 35 35 35 34 33 34 34 34 34 34 34 33 33 33 33 33 33 33 33 33 31 44 55 43 75 -1 -1 -1 -1 -1 -1 -1 -1 -1 -1 -1 -1 -1 -1 -1 -1 -1 -1 -1 -1 -1 -1 -1 -1 -1 -1 -1 -1 -1 -1 -1 -1 -1 -1 -1 -1 -1 -1 -1 -1 -1 -1 -1 -1 -1 -1 -1 -1 -1 -1 -1 -1 -1 -1 -1
-1 -1 -1 -1 -1 55 64 53 53 50 49 55 67 24 22 22 22 22 22 21 21 21 21 21 20 18 18 18 18 18 17 17 16 16 15 15 15 14 14 14 14 14 14 14 14 14 14 14 14 14 14 14 14 14 14 14 14 14 14 15 18 18 24 26 38 44 46 48 -1 -1 -1 -1 -1 -1 -1 -1 -1 -1 -1 44 44 42 39 37 35 35 33 32 36 35 35 35 35 35 35 35 35 35 35 35 35 35 35 33 33 34 34 34 34 34 33 33 33 33 33 33 33 33 31 31 31 31 38 54 37 74 59 -1 -1 -1 -1 -1 -1 -1 -1 -1 -1 -1 -1 -1 -1 -1 -1 -1 -1 -1 -1 -1 -1 -1 -1 -1 -1 -1 -1 -1 -1 -1 -1 -1 -1 -1 -1 -1 -1 -1 -1 -1 -1 -1 -1 -1 -1 -1 -1 -1 -1 -1 -1 -1 -1
-1 -1 -1 -1 -1 -1 58 49 49 49 49 49 62 30 24 22 22 22 22 22 21 21 21 21 21 20 18 18 18 18 18 17 17 16 16 15 15 14 14 14 14 14 14 14 14 14 14 14 14 14 14 14 14 14 14 14 14 14 14 15 18 18 25 32 39 45 48 -1 -1 -1 -1 -1 -1 -1 -1 -1 -1 -1 48 44 44 42 37 36 35 33 32 34 35 35 35 35 35 34 35 34 35 34 34 35 35 34 33 33 34 34 34 34 33 33 33 33 33 33 33 33 31 31 31 31 31 31 38 50 41 65 70 -1 -1 -1 -1 -1 -1 -1 -1 -1 -1 -1 -1 -1 -1 -1 -1 -1 -1 -1 -1 -1 -1 -1 -1 -1 -1 -1 -1 -1 -1 -1 -1 -1 -1 -1 -1 -1 -1 -1 -1 -1 -1 -1 -1 -1 -1 -1 -1 -1 -1 -1 -1 -1 -1
-1 -1 -1 -1 -1 52 49 44 44 44 44 44 63 35 24 23 22 22 22 22 22 21 21 21 21 21 19 18 18 18 18 18 17 17 16 16 15 15 14 14 14 14 14 14 14 14 14 14 14 14 14 14 14 14 14 14 14 14 14 15 18 18 25 35 44 48 -1 -1 -1 -1 -1 -1 -1 -1 -1 -1 -1 -1 44 44 44 39 37 35 33 32 32 35 35 35 35 33 34 35 34 35 34 34 35 34 33 33 33 33 34 34 34 33 33 33 33 33 33 33 31 31 30 31 31 31 31 31 37 43 45 57 75 -1 -1 -1 -1 -1 -1 -1 -1 -1 -1 -1 -1 -1 -1 -1 -1 -1 -1 -1 -1 -1 -1 -1 -1 -1 -1 -1 -1 -1 -1 -1 -1 -1 -1 -1 -1 -1 -1 -1 -1 -1 -1 -1 -1 -1 -1 -1 -1 -1 -1 -1 -1 -1 -1
-1 -1 -1 -1 -1 -1 63 51 51 51 54 51 75 25 24 24 22 22 22 22 22 21 21 21 21 21 20 18 18 18 18 18 17 17 16 16 16 15 15 14 14 14 14 14 14 14 14 14 14 14 14 14 14 14 14 14 14 14 14 15 18 24 26 38 48 -1 -1 -1 -1 -1 -1 -1 -1 -1 -1 -1 -1 -1 44 44 42 37 36 35 33 32 33 35 34 34 33 34 34 34 35 34 34 34 34 33 33 33 33 34 34 33 33 31 31 33 33 31 31 31 30 30 31 31 31 31 30 30 36 42 47 47 75 -1 -1 -1 -1 -1 -1 -1 -1 -1 -1 -1 -1 -1 -1 -1 -1 -1 -1 -1 -1 -1 -1 -1 -1 -1 -1 -1 -1 -1 -1 -1 -1 -1 -1 -1 -1 -1 -1 -1 -1 -1 -1 -1 -1 -1 -1 -1 -1 -1 -1 -1 -1 -1 -1
-1 -1 -1 -1 -1 -1 75 71 73 75 75 75 75 31 25 24 24 22 22 22 22 22 21 21 21 21 21 20 18 18 18 18 18 17 17 16 16 15 15 14 14 14 14 14 14 14 14 14 14 14 14 14 14 14 14 14 14 14 14 15 18 24 28 44 -1 -1 -1 -1 -1 -1 -1 -1 -1 -1 -1 -1 -1 44 44 44 39 37 35 33 32 30 35 34 33 33 33 34 34 33 34 34 33 33 33 33 33 33 34 33 33 31 31 31 33 31 31 30 30 30 30 31 30 31 30 30 30 30 36 45 47 42 75 -1 -1 -1 -1 -1 -1 -1 -1 -1 -1 -1 -1 -1 -1 -1 -1 -1 -1 -1 -1 -1 -1 -1 -1 -1 -1 -1 -1 -1 -1 -1 -1 -1 -1 -1 -1 -1 -1 -1 -1 -1 -1 -1 -1 -1 -1 -1 -1 -1 -1 -1 -1 -1 -1
-1 -1 -1 -1 -1 -1 75 58 55 44 33 37 26 31 25 24 24 23 22 22 22 22 22 21 21 21 21 21 20 18 18 18 18 18 17 17 16 16 15 15 14 14 14 14 14 14 14 14 14 14 14 14 14 14 14 14 14 14 14 15 18 25 45 -1 -1 -1 -1 -1 -1 -1 -1 -1 -1 -1 -1 -1 -1 44 44 42 37 35 34 32 30 32 33 33 31 33 33 33 33 34 34 33 33 33 33 33 33 33 33 31 31 31 31 31 31 30 30 30 30 29 30 29 30 30 30 30 30 30 31 45 47 42 75 -1 -1 -1 -1 -1 -1 -1 -1 -1 -1 -1 -1 -1 -1 -1 -1 -1 -1 -1 -1 -1 -1 -1 -1 -1 -1 -1 -1 -1 -1 -1 -1 -1 -1 -1 -1 -1 -1 -1 -1 -1 -1 -1 -1 -1 -1 -1 -1 -1 -1 -1 -1 -1 -1
-1 -1 -1 -1 -1 -1 75 38 27 27 27 32 26 31 25 25 24 24 23 22 22 22 22 22 21 21 21 21 20 19 18 18 18 18 17 17 16 16 16 15 15 14 14 14 14 14 14 14 14 14 14 14 14 14 14 14 14 14 15 18 20 43 50 -1 -1 -1 -1 -1 -1 -1 -1 -1 -1 -1 -1 -1 -1 44 44 39 37 35 33 31 29 33 33 31 33 31 33 33 33 33 33 33 33 33 33 31 31 31 31 31 30 30 31 30 30 30 29 29 28 29 29 30 30 30 30 30 31 31 31 45 47 42 75 -1 -1 -1 -1 -1 -1 -1 -1 -1 -1 -1 -1 -1 -1 -1 -1 -1 -1 -1 -1 -1 -1 -1 -1 -1 -1 -1 -1 -1 -1 -1 -1 -1 -1 -1 -1 -1 -1 -1 -1 -1 -1 -1 -1 -1 -1 -1 -1 -1 -1 -1 -1 -1 -1
-1 -1 -1 -1 -1 -1 75 39 27 27 27 26 26 26 25 25 25 24 24 22 22 22 22 22 21 21 21 21 21 20 18 18 18 18 18 17 17 16 16 16 15 15 14 14 14 14 14 14 14 14 14 14 14 14 14 14 14 14 15 31 24 68 54 -1 -1 -1 -1 -1 -1 -1 -1 -1 -1 -1 -1 -1 44 44 42 37 35 33 31 29 31 33 31 31 31 33 33 33 33 33 33 33 33 31 31 31 31 31 30 30 29 30 30 30 29 28 28 28 29 29 30 30 30 30 30 31 31 31 31 45 47 42 75 -1 -1 -1 -1 -1 -1 -1 -1 -1 -1 -1 -1 -1 -1 -1 -1 -1 -1 -1 -1 -1 -1 -1 -1 -1 -1 -1 -1 -1 -1 -1 -1 -1 -1 -1 -1 -1 -1 -1 -1 -1 -1 -1 -1 -1 -1 -1 -1 -1 -1 -1 -1 -1 -1
-1 -1 -1 -1 -1 -1 75 44 27 27 27 27 26 26 26 25 25 24 24 24 22 22 22 22 22 21 21 21 21 21 20 18 18 18 18 18 17 17 16 16 15 15 14 14 14 14 14 14 14 14 14 14 14 14 14 14 14 14 20 25 35 74 75 -1 -1 -1 -1 -1 -1 -1 -1 -1 -1 -1 -1 -1 44 44 41 37 35 31 29 28 31 31 31 31 31 33 33 31 33 33 33 33 31 31 31 31 30 30 29 29 30 29 28 28 28 28 28 29 29 30 30 30 30 30 31 31 31 31 31 45 49 42 75 -1 -1 -1 -1 -1 -1 -1 -1 -1 -1 -1 -1 -1 -1 -1 -1 -1 -1 -1 -1 -1 -1 -1 -1 -1 -1 -1 -1 -1 -1 -1 -1 -1 -1 -1 -1 -1 -1 -1 -1 -1 -1 -1 -1 -1 -1 -1 -1 -1 -1 -1 -1 -1 -1
-1 -1 -1 -1 -1 -1 75 50 28 27 27 27 26 26 26 25 25 25 24 24 23 22 22 22 22 22 21 21 21 21 21 20 18 18 18 18 18 17 17 16 16 15 15 14 14 14 14 14 14 14 14 14 14 14 14 14 14 14 20 20 33 67 75 -1 -1 -1 -1 -1 -1 -1 -1 -1 -1 -1 -1 44 44 44 37 35 32 29 28 28 31 31 31 31 31 31 31 33 33 31 31 31 31 29 30 29 29 29 28 29 28 28 28 28 28 28 29 29 30 30 30 30 30 31 31 31 31 31 31 39 49 50 75 59 -1 -1 -1 -1 -1 -1 -1 -1 -1 -1 -1 -1 -1 -1 -1 -1 -1 -1 -1 -1 -1 -1 -1 -1 -1 -1 -1 -1 -1 -1 -1 -1 -1 -1 -1 -1 -1 -1 -1 -1 -1 -1 -1 -1 -1 -1 -1 -1 -1 -1 -1 -1 -1
-1 -1 -1 -1 -1 -1 75 39 28 28 27 27 27 26 26 26 25 25 25 24 24 23 22 22 22 22 22 21 21 21 21 20 19 18 18 18 18 17 17 16 16 16 15 15 14 14 14 14 14 14 14 14 14 14 14 14 14 14 20 20 29 66 75 -1 -1 -1 -1 -1 -1 -1 -1 -1 -1 -1 -1 44 44 42 37 33 31 28 26 31 31 31 30 31 31 31 33 31 31 31 31 29 29 28 29 29 28 27 27 28 28 28 28 28 28 29 29 30 30 30 30 30 31 31 31 31 31 31 31 42 44 45 75 55 -1 -1 -1 -1 -1 -1 -1 -1 -1 -1 -1 -1 -1 -1 -1 -1 -1 -1 -1 -1 -1 -1 -1 -1 -1 -1 -1 -1 -1 -1 -1 -1 -1 -1 -1 -1 -1 -1 -1 -1 -1 -1 -1 -1 -1 -1 -1 -1 -1 -1 -1 -1 -1
-1 -1 -1 -1 -1 -1 75 50 28 28 28 27 27 27 26 26 26 25 25 25 24 24 22 22 22 22 22 21 21 21 21 21 20 18 18 18 18 18 17 17 16 16 15 15 14 14 14 14 14 14 14 14 14 14 14 14 14 14 20 22 29 57 75 -1 -1 -1 -1 -1 -1 -1 -1 -1 -1 -1 -1 44 44 37 33 31 28 26 27 31 30 29 29 31 31 31 31 30 30 29 29 28 28 28 27 27 27 27 28 28 28 28 28 28 29 30 30 30 30 30 30 31 31 31 31 31 31 31 31 37 44 45 71 66 -1 -1 -1 -1 -1 -1 -1 -1 -1 -1 -1 -1 -1 -1 -1 -1 -1 -1 -1 -1 -1 -1 -1 -1 -1 -1 -1 -1 -1 -1 -1 -1 -1 -1 -1 -1 -1 -1 -1 -1 -1 -1 -1 -1 -1 -1 -1 -1 -1 -1 -1 -1 -1
-1 -1 -1 -1 -1 -1 72 53 28 28 28 27 27 27 27 26 26 25 25 25 24 24 23 22 22 22 22 22 21 21 21 21 21 20 18 18 18 18 18 17 17 16 16 15 15 14 14 14 14 14 14 14 14 14 14 14 14 14 20 30 29 47 75 -1 -1 -1 -1 -1 -1 -1 -1 -1 -1 -1 44 44 42 33 31 28 26 25 30 29 29 29 30 31 30 30 29 28 28 28 27 26 27 27 27 27 27 28 28 28 28 28 28 29 30 30 30 30 30 31 31 31 31 31 31 31 31 31 31 37 45 46 55 75 -1 -1 -1 -1 -1 -1 -1 -1 -1 -1 -1 -1 -1 -1 -1 -1 -1 -1 -1 -1 -1 -1 -1 -1 -1 -1 -1 -1 -1 -1 -1 -1 -1 -1 -1 -1 -1 -1 -1 -1 -1 -1 -1 -1 -1 -1 -1 -1 -1 -1 -1 -1 -1
-1 -1 -1 -1 -1 -1 75 56 29 28 28 28 27 27 27 26 26 26 25 25 25 24 24 23 22 22 22 22 22 21 21 21 21 20 20 18 18 18 18 17 17 17 16 16 15 15 14 14 14 14 14 14 14 14 14 14 14 14 15 29 30 47 75 -1 -1 -1 -1 -1 -1 -1 -1 -1 -1 -1 44 43 37 31 28 26 25 24 28 28 28 29 29 28 27 28 27 27 27 26 26 27 27 27 27 27 28 28 28 28 28 28 29 30 30 30 30 30 31 31 31 31 31 31 31 31 31 31 31 38 44 47 52 75 -1 -1 -1 -1 -1 -1 -1 -1 -1 -1 -1 -1 -1 -1 -1 -1 -1 -1 -1 -1 -1 -1 -1 -1 -1 -1 -1 -1 -1 -1 -1 -1 -1 -1 -1 -1 -1 -1 -1 -1 -1 -1 -1 -1 -1 -1 -1 -1 -1 -1 -1 -1 -1
-1 -1 -1 -1 -1 -1 75 54 35 29 28 28 28 27 27 27 26 26 26 25 25 25 24 24 23 22 22 22 22 21 21 21 21 21 20 19 18 18 18 18 17 17 16 16 16 15 15 14 14 14 14 14 14 14 14 14 14 14 15 29 31 25 75 -1 -1 -1 -1 -1 -1 -1 -1 -1 -1 44 43 42 33 29 26 25 22 25 28 28 27 26 26 26 27 26 26 26 26 26 26 27 27 27 27 28 28 28 28 28 28 29 30 30 30 30 30 31 31 31 31 31 31 31 31 31 31 31 31 38 46 48 43 75 -1 -1 -1 -1 -1 -1 -1 -1 -1 -1 -1 -1 -1 -1 -1 -1 -1 -1 -1 -1 -1 -1 -1 -1 -1 -1 -1 -1 -1 -1 -1 -1 -1 -1 -1 -1 -1 -1 -1 -1 -1 -1 -1 -1 -1 -1 -1 -1 -1 -1 -1 -1 -1
-1 -1 -1 -1 -1 -1 75 59 35 29 29 28 28 28 27 27 27 26 26 26 25 25 25 24 23 22 22 22 22 22 21 21 21 21 21 20 18 18 18 18 18 17 17 16 16 15 15 14 14 14 14 14 14 14 14 14 14 14 15 24 30 25 75 -1 -1 -1 -1 -1 -1 -1 -1 -1 50 44 42 37 30 26 24 22 22 27 25 24 24 25 25 24 25 25 26 26 26 26 27 27 27 27 28 28 28 28 28 28 29 30 30 30 30 30 31 31 31 31 31 31 31 31 31 31 31 31 31 32 46 48 43 75 -1 -1 -1 -1 -1 -1 -1 -1 -1 -1 -1 -1 -1 -1 -1 -1 -1 -1 -1 -1 -1 -1 -1 -1 -1 -1 -1 -1 -1 -1 -1 -1 -1 -1 -1 -1 -1 -1 -1 -1 -1 -1 -1 -1 -1 -1 -1 -1 -1 -1 -1 -1 -1
-1 -1 -1 -1 -1 -1 69 70 29 29 29 28 28 28 27 27 27 27 26 26 25 25 25 24 24 23 22 22 22 22 22 21 21 21 21 21 20 18 18 18 18 18 17 17 16 16 15 15 14 14 14 14 14 14 14 14 14 14 15 24 29 25 75 64 64 64 64 64 64 64 64 64 63 42 40 31 26 24 22 22 22 24 22 22 22 24 24 25 25 26 26 26 26 27 27 27 27 28 28 28 28 28 28 29 30 30 30 30 30 31 31 31 31 31 31 31 31 31 31 31 31 31 31 32 46 48 42 75 -1 -1 -1 -1 -1 -1 -1 -1 -1 -1 -1 -1 -1 -1 -1 -1 -1 -1 -1 -1 -1 -1 -1 -1 -1 -1 -1 -1 -1 -1 -1 -1 -1 -1 -1 -1 -1 -1 -1 -1 -1 -1 -1 -1 -1 -1 -1 -1 -1 -1 -1 -1 -1
-1 -1 -1 -1 -1 -1 70 75 30 29 29 29 28 28 28 27 27 27 26 26 26 25 25 25 24 24 23 22 22 22 22 22 21 21 21 21 20 20 18 18 18 18 17 17 16 16 16 15 15 14 14 14 14 14 14 14 14 14 20 24 29 25 75 44 44 44 44 49 49 49 49 48 47 40 36 27 24 22 20 17 22 21 21 22 24 24 25 25 25 26 26 26 27 27 27 27 27 28 28 28 28 28 29 30 30 30 30 30 31 31 31 31 31 31 31 31 31 31 31 31 31 31 31 32 46 39 46 75 -1 -1 -1 -1 -1 -1 -1 -1 -1 -1 -1 -1 -1 -1 -1 -1 -1 -1 -1 -1 -1 -1 -1 -1 -1 -1 -1 -1 -1 -1 -1 -1 -1 -1 -1 -1 -1 -1 -1 -1 -1 -1 -1 -1 -1 -1 -1 -1 -1 -1 -1 -1 -1
-1 -1 -1 -1 -1 -1 58 75 30 30 29 29 29 28 28 28 27 27 27 26 26 26 25 25 25 24 23 23 22 22 22 22 21 21 21 21 21 20 19 18 18 18 18 17 17 16 16 16 15 15 14 14 14 14 14 14 14 14 16 25 33 29 76 51 49 51 51 51 46 46 44 42 40 40 30 22 20 17 15 17 21 21 22 22 24 24 25 25 26 26 26 26 27 27 27 27 28 28 28 28 28 29 30 30 30 30 30 31 31 31 31 31 31 31 31 31 31 31 31 31 31 31 31 32 45 40 46 75 52 -1 -1 -1 -1 -1 -1 -1 -1 -1 -1 -1 -1 -1 -1 -1 -1 -1 -1 -1 -1 -1 -1 -1 -1 -1 -1 -1 -1 -1 -1 -1 -1 -1 -1 -1 -1 -1 -1 -1 -1 -1 -1 -1 -1 -1 -1 -1 -1 -1 -1 -1 -1
-1 -1 -1 -1 -1 -1 58 73 30 30 29 29 29 29 28 28 27 27 27 27 26 26 26 25 25 24 24 23 23 22 22 22 22 21 21 21 21 21 20 18 18 18 18 18 17 17 16 16 15 15 14 14 14 14 14 14 14 14 15 24 31 29 76 47 46 47 45 45 45 45 44 40 39 35 20 15 14 14 14 20 21 21 22 24 24 25 25 26 26 26 26 27 27 27 27 28 28 28 28 28 29 30 30 30 30 31 31 31 31 31 31 31 31 31 31 31 31 31 31 31 31 31 31 31 38 44 46 75 61 -1 -1 -1 -1 -1 -1 -1 -1 -1 -1 -1 -1 -1 -1 -1 -1 -1 -1 -1 -1 -1 -1 -1 -1 -1 -1 -1 -1 -1 -1 -1 -1 -1 -1 -1 -1 -1 -1 -1 -1 49 49 49 49 49 49 52 -1 -1 -1 -1 -1
-1 -1 -1 -1 -1 -1 56 75 35 30 30 29 29 29 28 28 28 27 27 27 26 26 26 25 25 25 24 24 23 22 22 22 22 22 21 21 21 21 20 20 18 18 18 18 18 17 17 16 16 15 15 14 14 14 14 14 14 14 14 25 31 34 75 60 55 55 56 56 56 58 57 59 54 15 14 14 14 14 17 21 21 22 22 24 24 25 25 26 26 26 27 27 27 27 28 28 28 28 28 29 30 30 30 30 31 31 31 31 31 31 31 31 31 31 31 31 31 31 31 31 31 31 31 31 38 44 47 66 64 -1 -1 -1 -1 -1 -1 -1 -1 -1 -1 -1 -1 -1 -1 -1 -1 -1 -1 -1 -1 -1 -1 -1 -1 -1 -1 -1 -1 -1 -1 -1 -1 49 49 49 49 49 49 49 49 49 -1 -1 -1 -1 -1 -1 -1 -1 -1 -1 -1
-1 -1 -1 -1 -1 -1 49 75 31 30 30 30 29 29 29 28 28 28 27 27 27 26 26 26 25 25 25 24 24 23 22 22 22 22 22 21 21 21 21 20 20 18 18 18 18 17 17 16 16 16 15 15 14 14 14 14 14 18 14 20 20 25 73 73 73 73 73 73 73 73 71 71 65 14 14 14 14 14 20 21 21 22 24 24 25 25 26 26 26 26 27 27 27 28 28 28 28 28 29 30 30 30 30 31 31 31 31 31 31 31 31 31 31 31 31 31 31 31 31 31 31 31 31 31 38 45 48 55 75 -1 -1 -1 -1 -1 -1 -1 -1 -1 -1 -1 -1 -1 -1 -1 -1 -1 -1 -1 -1 -1 52 49 52 49 49 49 49 49 49 49 49 49 -1 -1 -1 -1 -1 -1 -1 -1 -1 -1 -1 -1 -1 -1 -1 -1 -1 -1 -1
-1 -1 -1 -1 -1 -1 -1 75 36 31 30 30 30 29 29 29 28 28 28 27 27 27 26 26 26 25 25 25 24 23 23 22 22 22 22 21 21 21 21 21 20 19 18 18 18 18 17 17 16 16 15 15 14 14 14 14 14 16 14 14 14 14 14 20 20 20 14 14 14 14 14 14 15 14 14 14 14 17 21 21 22 22 24 24 25 26 26 26 26 27 27 27 28 28 28 28 28 29 30 30 30 30 31 31 31 31 31 31 31 31 31 31 31 31 31 31 31 31 31 31 31 31 31 33 39 44 49 44 75 -1 -1 -1 -1 -1 -1 -1 -1 -1 -1 -1 -1 -1 -1 -1 49 49 49 48 47 47 47 48 49 49 -1 -1 -1 -1 -1 -1 -1 -1 -1 -1 -1 -1 -1 -1 -1 -1 -1 -1 -1 -1 -1 -1 -1 -1 -1 -1 -1
-1 -1 -1 -1 -1 -1 -1 75 36 31 30 30 30 29 29 29 28 28 28 27 27 27 27 26 26 25 25 25 24 24 23 23 22 22 22 22 21 21 21 21 21 20 18 18 18 18 18 17 17 16 16 15 15 14 14 14 14 14 16 14 14 14 14 14 14 14 14 14 14 14 14 14 14 14 14 14 14 20 21 21 22 24 24 25 25 26 26 26 27 27 27 27 28 28 28 28 29 30 30 30 30 31 31 31 31 31 31 31 31 31 31 31 31 31 31 31 31 32 32 32 33 35 35 35 35 47 40 38 75 -1 -1 -1 -1 -1 -1 -1 49 49 49 48 52 48 52 48 48 48 52 48 49 -1 -1 -1 -1 -1 -1 -1 -1 -1 -1 -1 -1 -1 -1 -1 -1 -1 -1 -1 -1 -1 -1 -1 -1 -1 -1 -1 -1 -1 -1 -1 -1
-1 -1 -1 -1 -1 -1 -1 75 36 31 31 30 30 30 29 29 29 28 28 28 27 27 27 26 26 26 25 25 25 24 24 23 22 22 22 22 22 21 21 21 21 20 20 18 18 18 18 17 17 16 16 16 15 15 14 14 14 14 14 14 14 14 14 14 14 14 14 14 14 14 14 14 14 14 14 14 16 20 21 22 22 24 25 25 26 26 26 27 27 27 27 28 28 28 28 29 30 30 30 30 31 31 31 31 31 31 31 31 31 32 32 32 32 33 34 34 34 34 33 34 33 33 34 34 35 49 48 39 72 60 58 55 54 51 51 52 48 49 49 48 49 48 48 48 48 49 -1 -1 -1 -1 -1 -1 -1 -1 -1 -1 -1 -1 -1 -1 -1 -1 -1 -1 -1 -1 -1 -1 -1 -1 -1 -1 -1 -1 -1 -1 -1 -1 -1 -1 -1
-1 -1 -1 -1 -1 -1 -1 75 31 31 31 31 30 30 30 29 29 29 28 28 28 27 27 27 26 26 26 25 25 25 24 23 23 22 22 22 22 22 21 21 21 21 20 19 18 18 18 18 17 17 16 16 16 15 15 14 14 14 14 14 14 14 14 14 14 14 14 14 14 14 14 15 14 14 14 14 20 21 21 22 24 24 25 26 26 26 26 27 27 27 28 28 28 28 29 30 30 30 30 31 31 31 31 31 31 31 33 34 33 34 33 32 32 32 32 32 33 33 33 34 35 36 37 39 44 49 53 42 49 44 44 50 52 50 52 49 48 49 48 48 48 48 -1 -1 -1 -1 -1 -1 -1 -1 -1 -1 -1 -1 -1 -1 -1 -1 -1 -1 -1 -1 -1 -1 -1 -1 -1 -1 -1 -1 -1 -1 -1 -1 -1 -1 -1 -1 -1 -1 -1
-1 -1 -1 -1 -1 -1 -1 75 37 31 31 31 31 30 30 30 29 29 29 28 28 28 27 27 27 26 26 26 25 25 25 24 23 23 22 22 22 22 21 21 21 21 21 20 19 18 18 18 18 17 17 16 16 15 15 14 19 14 14 14 14 14 14 14 14 14 14 14 14 14 14 14 14 14 14 16 20 21 22 22 24 25 25 26 26 26 27 27 27 28 28 28 28 29 30 30 30 31 31 31 31 33 31 31 31 31 32 32 33 33 33 33 36 36 36 36 37 37 36 34 34 35 35 34 48 44 47 65 57 49 52 54 49 49 48 48 48 48 48 -1 -1 -1 -1 -1 -1 -1 -1 -1 -1 -1 -1 -1 -1 -1 -1 -1 -1 -1 -1 -1 -1 -1 -1 -1 -1 -1 -1 -1 -1 -1 -1 -1 -1 -1 -1 -1 -1 -1 -1 -1 -1
-1 -1 -1 -1 -1 -1 -1 75 37 32 31 31 31 30 30 30 29 29 29 28 28 28 27 27 27 26 26 26 25 25 25 24 24 23 23 22 22 22 22 21 21 21 21 20 20 18 18 18 18 18 17 17 16 16 15 15 14 16 14 14 14 14 14 14 14 14 14 14 14 14 14 14 14 14 14 20 21 21 22 24 24 25 26 26 26 27 27 27 28 28 29 29 29 30 30 30 31 31 31 31 31 31 31 33 36 35 35 33 34 33 33 33 31 31 33 33 33 33 33 33 33 33 33 48 44 39 52 63 53 52 51 51 50 50 53 51 49 -1 -1 -1 -1 -1 -1 -1 -1 -1 -1 -1 -1 -1 -1 -1 -1 -1 -1 -1 -1 -1 -1 -1 -1 -1 -1 -1 -1 -1 -1 -1 -1 -1 -1 -1 -1 -1 -1 -1 -1 -1 -1 -1 -1
-1 -1 -1 -1 -1 -1 -1 75 48 37 32 31 31 31 30 30 30 29 29 29 28 28 28 27 27 27 26 26 26 25 25 25 24 23 23 22 22 22 22 22 21 21 21 21 20 20 18 18 18 18 17 17 16 16 16 15 15 14 14 14 14 14 14 14 14 14 14 14 14 14 14 14 14 14 14 20 21 22 22 24 25 25 26 26 27 27 27 28 28 28 28 29 31 31 31 33 33 33 33 31 31 31 31 31 31 31 31 31 31 33 31 31 33 33 33 33 33 33 33 33 33 33 33 33 33 38 34 41 37 51 41 53 70 51 -1 -1 -1 -1 -1 -1 -1 -1 -1 -1 -1 -1 -1 -1 -1 -1 -1 -1 -1 -1 -1 -1 -1 -1 -1 -1 -1 -1 -1 -1 -1 -1 -1 -1 -1 -1 -1 -1 -1 -1 -1 -1 -1 -1 -1 -1 -1
-1 -1 -1 -1 -1 -1 -1 75 44 32 32 31 31 31 31 30 30 30 29 29 29 28 28 28 27 27 27 26 26 26 25 25 25 24 23 23 22 22 22 22 21 21 21 21 21 20 19 18 18 18 18 17 17 16 16 15 15 15 14 14 14 14 14 14 14 14 14 14 14 14 14 14 14 14 20 21 21 22 24 25 25 26 26 27 28 28 30 28 28 28 29 30 30 30 31 31 31 31 31 31 31 31 31 31 31 31 31 31 31 31 33 33 33 33 33 33 33 33 33 33 33 33 34 35 36 34 33 34 34 48 40 48 75 -1 -1 -1 -1 -1 -1 -1 -1 -1 -1 -1 -1 -1 -1 -1 -1 -1 -1 -1 -1 -1 -1 -1 -1 -1 -1 -1 -1 -1 -1 -1 -1 -1 -1 -1 -1 -1 -1 -1 -1 -1 -1 -1 -1 -1 -1 -1 -1
-1 -1 -1 -1 -1 -1 -1 75 49 32 32 32 31 31 31 31 30 30 30 29 29 29 28 28 28 27 27 27 26 26 25 25 25 24 24 23 23 22 22 22 22 21 21 21 21 21 20 19 18 18 18 18 17 17 16 16 15 15 14 14 14 14 14 14 14 14 14 14 14 14 14 14 14 14 21 21 22 22 24 25 26 26 26 27 27 27 28 28 28 29 30 30 30 31 31 31 31 31 31 31 31 31 31 31 31 31 31 31 33 33 33 33 33 33 33 33 33 33 34 33 34 33 33 33 33 33 33 33 34 48 40 48 75 -1 -1 -1 -1 -1 -1 -1 -1 -1 -1 -1 -1 -1 -1 -1 -1 -1 -1 -1 -1 -1 -1 -1 -1 -1 -1 -1 -1 -1 -1 -1 -1 -1 -1 -1 -1 -1 -1 -1 -1 -1 -1 -1 -1 -1 -1 -1 -1
-1 -1 -1 -1 -1 -1 -1 75 52 33 32 32 32 31 31 31 30 30 30 29 29 29 28 28 28 27 27 27 26 26 26 25 25 25 24 24 23 23 22 22 22 22 21 21 21 21 20 20 19 18 18 18 17 17 16 16 16 15 14 14 14 14 14 14 14 14 14 14 14 14 14 14 14 19 21 21 22 24 25 25 26 26 27 27 27 28 28 28 29 30 30 30 31 31 31 31 31 31 31 31 31 31 31 31 31 31 31 33 33 33 33 33 33 33 33 33 33 34 34 33 33 33 33 33 33 33 33 33 34 47 42 48 75 -1 -1 -1 -1 -1 -1 -1 -1 -1 -1 -1 -1 -1 -1 -1 -1 -1 -1 -1 -1 -1 -1 -1 -1 -1 -1 -1 -1 -1 -1 -1 -1 -1 -1 -1 -1 -1 -1 -1 -1 -1 -1 -1 -1 -1 -1 -1 -1
-1 -1 -1 -1 -1 -1 -1 75 52 33 33 32 32 32 31 31 31 30 30 30 29 29 29 28 28 28 27 27 27 26 26 26 25 25 25 24 23 23 22 22 22 22 22 21 21 21 21 20 20 18 18 18 18 17 16 16 16 16 14 14 14 14 14 14 14 14 14 14 14 14 233 14 14 20 21 22 24 24 25 26 26 27 27 27 28 28 28 29 30 30 30 31 31 31 31 31 31 31 31 31 31 31 31 31 31 33 33 33 33 33 33 33 33 33 34 34 33 33 33 33 33 33 33 33 33 33 33 33 33 40 46 48 75 -1 -1 -1 -1 -1 -1 -1 -1 -1 -1 -1 -1 -1 -1 -1 -1 -1 -1 -1 -1 -1 -1 -1 -1 -1 -1 -1 -1 -1 -1 -1 -1 -1 -1 -1 -1 -1 -1 -1 -1 -1 -1 -1 -1 -1 -1 -1 -1
-1 -1 -1 -1 -1 -1 -1 75 52 33 33 33 32 32 31 31 31 31 30 30 30 29 29 29 28 28 28 27 27 27 26 26 26 25 25 25 24 23 23 22 22 22 22 21 21 21 21 20 20 19 18 18 18 17 16 16 16 16 233 14 14 14 14 14 14 14 14 14 14 14 14 14 17 21 21 22 24 25 26 26 26 27 27 28 28 28 29 30 30 31 31 31 31 31 31 31 31 31 31 31 31 31 31 33 33 33 33 33 33 33 33 33 33 33 33 33 33 33 33 33 33 33 33 33 33 33 33 33 33 40 46 48 75 55 -1 -1 -1 -1 -1 -1 -1 -1 -1 -1 -1 -1 -1 -1 -1 -1 -1 -1 -1 -1 -1 -1 -1 -1 -1 -1 -1 -1 -1 -1 -1 -1 -1 -1 -1 -1 -1 -1 -1 -1 -1 -1 -1 -1 -1 -1 -1
-1 -1 -1 -1 -1 -1 -1 75 53 38 33 33 32 32 32 31 31 31 31 30 30 30 29 29 29 28 28 27 27 27 26 26 26 25 25 25 24 23 23 22 22 22 21 21 21 233 21 20 19 18 18 18 17 16 16 16 16 14 14 14 14 14 14 14 14 14 14 14 14 14 14 14 20 21 22 24 24 25 26 26 27 27 28 28 28 30 30 30 31 31 31 31 31 31 31 31 31 31 31 31 33 33 33 33 33 33 33 33 33 33 33 33 33 33 33 33 33 33 33 33 33 33 33 33 33 33 33 33 33 40 46 48 69 64 -1 -1 -1 -1 -1 -1 -1 -1 -1 -1 -1 -1 -1 -1 -1 -1 -1 -1 -1 -1 -1 -1 -1 -1 -1 -1 -1 -1 -1 -1 -1 -1 -1 -1 -1 -1 -1 -1 -1 -1 -1 -1 -1 -1 -1 -1 -1
-1 -1 -1 -1 -1 -1 -1 69 61 33 33 33 33 32 32 32 31 31 31 30 30 30 29 29 29 28 28 28 27 27 27 26 26 26 25 25 24 23 22 22 22 22 21 21 21 21 20 20 19 18 18 18 16 16 16 16 15 14 14 14 14 14 14 14 14 14 14 14 14 14 14 17 21 21 22 24 25 26 26 27 27 28 28 28 30 30 30 31 31 31 31 31 31 31 31 31 31 31 31 33 33 33 33 33 33 33 33 33 33 33 33 33 33 33 33 33 33 33 33 33 33 33 33 33 33 33 33 33 33 40 46 37 63 73 -1 -1 -1 -1 -1 -1 -1 -1 -1 -1 -1 -1 -1 -1 -1 -1 -1 -1 -1 -1 -1 -1 -1 -1 -1 -1 -1 -1 -1 -1 -1 -1 -1 -1 -1 -1 -1 -1 -1 -1 -1 -1 -1 -1 -1 -1 -1
-1 -1 -1 -1 -1 -1 -1 70 64 44 33 33 33 33 32 32 32 31 31 31 30 30 30 29 29 29 28 28 28 27 27 27 26 26 26 24 24 22 22 22 22 21 21 21 21 20 20 19 18 18 18 16 17 18 16 16 14 14 14 14 14 14 14 14 14 14 14 14 14 14 14 20 21 22 24 25 26 26 27 27 27 28 28 30 30 30 31 31 31 31 31 31 31 31 31 31 31 31 33 33 33 33 33 33 33 33 33 33 33 33 33 33 33 33 33 33 33 33 33 33 33 33 33 33 33 33 33 33 33 40 46 37 52 75 -1 -1 -1 -1 -1 -1 -1 -1 -1 -1 -1 -1 -1 -1 -1 -1 -1 -1 -1 -1 -1 -1 -1 -1 -1 -1 -1 -1 -1 -1 -1 -1 -1 -1 -1 -1 -1 -1 -1 -1 -1 -1 -1 -1 -1 -1 -1
-1 -1 -1 -1 -1 -1 -1 68 64 44 33 33 33 33 33 32 32 31 31 31 31 30 30 30 29 29 29 28 28 28 27 27 27 26 26 24 23 22 22 22 21 21 21 21 21 20 19 18 18 18 17 16 17 18 16 14 14 15 16 14 14 14 14 14 14 14 14 14 14 14 17 21 21 22 24 25 26 26 27 27 28 28 30 30 30 31 31 31 31 31 31 31 31 31 33 33 33 33 33 33 33 33 33 33 33 33 33 33 33 33 33 33 33 33 33 33 33 33 33 33 33 33 33 33 33 33 33 33 33 35 50 37 52 75 -1 -1 -1 -1 -1 -1 -1 -1 -1 -1 -1 -1 -1 -1 -1 -1 -1 -1 -1 -1 -1 -1 -1 -1 -1 -1 -1 -1 -1 -1 -1 -1 -1 -1 -1 -1 -1 -1 -1 -1 -1 -1 -1 -1 -1 -1 -1
-1 -1 -1 -1 -1 -1 -1 58 75 39 33 33 33 33 33 32 32 32 31 31 31 31 30 30 29 29 29 28 28 28 27 27 27 26 24 24 22 22 22 22 21 21 21 21 20 20 19 18 18 18 16 16 17 17 15 14 14 15 16 14 14 14 14 14 14 14 14 14 14 14 20 21 22 24 25 26 26 27 27 28 28 30 30 30 31 31 31 31 31 31 31 31 31 31 33 33 33 33 33 33 33 33 33 33 33 33 33 33 33 33 33 33 33 33 33 33 33 33 33 33 33 33 33 33 33 33 33 33 33 35 49 39 52 75 -1 -1 -1 -1 -1 -1 -1 -1 -1 -1 -1 -1 -1 -1 -1 -1 -1 -1 -1 -1 -1 -1 -1 -1 -1 -1 -1 -1 -1 -1 -1 -1 -1 -1 -1 -1 -1 -1 -1 -1 -1 -1 -1 -1 -1 -1 -1
-1 -1 -1 -1 -1 -1 -1 55 75 35 39 33 33 33 33 33 32 32 32 31 31 31 30 30 30 29 29 29 28 28 28 27 27 25 24 23 33 22 22 21 21 21 21 20 20 19 18 24 18 22 16 16 16 22 14 14 14 20 14 14 14 14 14 14 14 14 14 14 14 17 21 21 22 24 25 26 27 27 28 28 30 30 30 31 31 31 31 31 31 31 31 31 33 33 33 33 33 33 33 33 33 33 33 33 33 33 33 33 33 33 33 33 33 33 33 33 33 33 33 33 33 33 33 33 33 33 33 34 34 35 49 40 49 75 -1 -1 -1 -1 -1 -1 -1 -1 -1 -1 -1 -1 -1 -1 -1 -1 -1 -1 -1 -1 -1 -1 -1 -1 -1 -1 -1 -1 -1 -1 -1 -1 -1 -1 -1 -1 -1 -1 -1 -1 -1 -1 -1 -1 -1 -1 -1
-1 -1 -1 -1 -1 -1 -1 51 75 35 33 33 33 33 33 33 33 32 32 32 31 31 31 30 30 30 29 29 29 28 28 28 27 25 24 23 28 22 21 21 21 21 20 20 19 18 18 18 17 16 16 16 16 14 14 14 15 16 14 14 14 14 14 14 14 14 14 14 14 20 21 22 24 25 26 26 27 28 28 30 30 31 31 31 31 31 31 31 31 31 33 33 33 33 33 33 33 33 33 33 33 33 33 33 33 33 33 33 33 33 33 33 33 33 33 33 33 33 33 33 33 33 33 34 34 34 34 34 34 35 48 41 49 75 -1 -1 -1 -1 -1 -1 -1 -1 -1 -1 -1 -1 -1 -1 -1 -1 -1 -1 -1 -1 -1 -1 -1 -1 -1 -1 -1 -1 -1 -1 -1 -1 -1 -1 -1 -1 -1 -1 -1 -1 -1 -1 -1 -1 -1 -1 -1
-1 -1 -1 -1 -1 -1 -1 -1 75 41 35 33 33 33 33 33 33 33 32 32 31 31 31 31 30 30 30 29 29 29 28 28 26 24 24 23 23 22 22 21 21 21 21 20 19 18 19 18 22 22 16 16 16 14 14 14 15 16 14 14 14 14 14 14 14 14 14 14 16 21 21 22 24 26 26 27 28 28 30 30 31 31 31 31 31 31 31 31 31 33 33 33 33 33 33 33 33 33 33 33 33 33 33 33 33 33 33 33 33 33 33 33 33 33 33 33 33 33 33 34 34 34 34 34 34 34 34 34 34 34 46 42 49 75 -1 -1 -1 -1 -1 -1 -1 -1 -1 -1 -1 -1 -1 -1 -1 -1 -1 -1 -1 -1 -1 -1 -1 -1 -1 -1 -1 -1 -1 -1 -1 -1 -1 -1 -1 -1 -1 -1 -1 -1 -1 -1 -1 -1 -1 -1 -1
-1 -1 -1 -1 -1 -1 -1 -1 75 36 35 35 33 33 33 33 33 33 32 32 32 31 31 31 31 30 30 29 29 29 28 26 25 24 24 24 23 21 22 21 21 20 21 19 18 18 18 16 16 17 16 16 16 14 14 14 15 15 14 14 14 14 14 14 14 14 14 14 20 21 22 24 25 26 27 28 28 30 30 31 31 31 31 31 31 31 31 33 33 33 33 33 33 33 33 33 33 33 33 33 33 33 33 33 33 33 33 33 33 33 33 33 33 33 33 34 34 34 34 34 34 34 34 34 34 34 34 34 34 34 46 42 38 75 -1 -1 -1 -1 -1 -1 -1 -1 -1 -1 -1 -1 -1 -1 -1 -1 -1 -1 -1 -1 -1 -1 -1 -1 -1 -1 -1 -1 -1 -1 -1 -1 -1 -1 -1 -1 -1 -1 -1 -1 -1 -1 -1 -1 -1 -1 -1
-1 -1 -1 -1 -1 -1 -1 -1 75 42 35 35 35 33 33 33 33 33 33 32 32 32 31 31 31 30 30 30 29 29 28 26 25 24 24 28 23 21 22 21 20 20 19 19 18 18 18 16 16 16 16 15 16 14 14 15 16 15 14 14 14 14 14 14 14 14 14 15 21 21 22 25 26 27 27 28 30 30 31 31 31 31 31 31 31 33 33 33 33 33 33 33 33 33 33 33 33 33 33 33 33 33 33 33 33 33 33 33 33 33 34 34 34 34 34 34 34 34 34 34 34 34 34 34 34 34 34 34 34 34 41 47 38 75 -1 -1 -1 -1 -1 -1 -1 -1 -1 -1 -1 -1 -1 -1 -1 -1 -1 -1 -1 -1 -1 -1 -1 -1 -1 -1 -1 -1 -1 -1 -1 -1 -1 -1 -1 -1 -1 -1 -1 -1 -1 -1 -1 -1 -1 -1 -1
-1 -1 -1 -1 -1 -1 -1 52 75 42 36 35 35 33 33 33 33 33 33 33 32 32 32 31 31 31 30 30 30 29 27 26 24 24 24 24 22 21 21 21 20 21 19 18 18 18 16 17 17 16 16 15 16 14 14 15 16 15 14 14 14 14 14 14 14 14 14 20 21 22 24 26 26 27 28 30 30 31 31 31 31 31 31 33 33 33 33 33 33 33 33 33 33 33 33 33 33 33 33 33 33 33 33 33 33 33 34 34 34 34 34 34 34 34 34 34 34 34 34 34 34 34 34 34 34 34 34 34 34 34 46 47 38 71 70 -1 -1 -1 -1 -1 -1 -1 -1 -1 -1 -1 -1 -1 -1 -1 -1 -1 -1 -1 -1 -1 -1 -1 -1 -1 -1 -1 -1 -1 -1 -1 -1 -1 -1 -1 -1 -1 -1 -1 -1 -1 -1 -1 -1 -1 -1
-1 -1 -1 -1 -1 -1 -1 -1 75 42 36 36 35 35 33 33 33 33 33 33 33 32 32 31 31 31 31 30 30 28 26 25 25 24 24 24 21 27 21 20 20 20 18 18 18 17 16 17 17 16 15 16 16 14 14 15 16 14 14 14 14 14 14 14 14 14 14 21 21 22 25 26 27 28 30 30 31 31 31 31 31 33 33 33 33 33 33 33 33 33 33 33 33 33 33 33 33 33 33 33 33 33 34 34 34 34 34 34 34 34 34 34 34 34 34 34 34 34 34 34 34 34 34 34 34 34 34 34 34 34 46 47 38 55 73 -1 -1 -1 -1 -1 -1 -1 -1 -1 -1 -1 -1 -1 -1 -1 -1 -1 -1 -1 -1 -1 -1 -1 -1 -1 -1 -1 -1 -1 -1 -1 -1 -1 -1 -1 -1 -1 -1 -1 -1 -1 -1 -1 -1 -1 -1
-1 -1 -1 -1 -1 -1 -1 -1 75 37 36 36 36 35 35 33 33 33 33 33 33 32 32 32 31 31 31 30 29 28 26 25 25 24 23 25 21 22 20 20 19 20 18 18 17 17 16 17 17 14 15 16 15 14 15 15 16 14 14 14 14 14 14 14 14 14 20 21 22 24 26 27 28 30 30 31 31 31 31 31 33 33 33 33 33 33 33 33 33 33 33 33 33 33 33 33 33 33 34 34 34 34 34 34 34 34 34 34 34 34 34 34 34 34 34 34 34 34 34 34 34 34 34 34 34 34 34 34 34 34 41 47 38 49 75 -1 -1 -1 -1 -1 -1 -1 -1 -1 -1 -1 -1 -1 -1 -1 -1 -1 -1 -1 -1 -1 -1 -1 -1 -1 -1 -1 -1 -1 -1 -1 -1 -1 -1 -1 -1 -1 -1 -1 -1 -1 -1 -1 -1 -1 -1
-1 -1 -1 -1 -1 -1 -1 -1 75 43 36 36 36 35 35 35 33 33 33 33 33 33 32 32 32 31 31 31 28 27 26 25 24 24 24 24 22 22 20 20 20 19 18 17 17 17 17 18 16 15 15 16 15 14 15 16 16 14 14 14 14 14 14 14 14 20 20 21 22 26 27 28 30 31 31 31 31 31 33 33 33 33 33 33 33 33 33 33 33 33 33 33 33 33 34 34 34 34 34 34 34 34 34 34 34 34 34 34 34 34 34 34 34 34 34 34 34 34 34 34 34 34 34 34 34 34 34 34 34 34 41 47 38 49 73 -1 -1 -1 -1 -1 -1 -1 -1 -1 -1 -1 -1 -1 -1 -1 -1 -1 -1 -1 -1 -1 -1 -1 -1 -1 -1 -1 -1 -1 -1 -1 -1 -1 -1 -1 -1 -1 -1 -1 -1 -1 -1 -1 -1 -1 -1
-1 -1 -1 -1 -1 -1 -1 -1 75 48 37 36 36 36 35 35 35 33 33 33 33 33 33 32 32 32 31 29 28 26 26 26 24 24 24 24 24 21 20 19 19 19 18 16 17 17 17 17 15 15 16 16 14 14 15 16 16 14 14 14 14 14 14 14 14 19 21 22 24 26 28 30 31 31 31 31 33 33 33 33 33 33 33 33 33 33 33 33 33 33 34 34 34 34 34 34 34 34 34 34 34 34 34 34 34 34 34 34 34 34 34 34 34 34 34 34 34 34 34 34 34 34 34 35 35 35 35 35 35 35 36 51 40 50 73 -1 -1 -1 -1 -1 -1 -1 -1 -1 -1 -1 -1 -1 -1 -1 -1 -1 -1 -1 -1 -1 -1 -1 -1 -1 -1 -1 -1 -1 -1 -1 -1 -1 -1 -1 -1 -1 -1 -1 -1 -1 -1 -1 -1 -1 -1
-1 -1 -1 -1 -1 -1 -1 -1 75 43 37 37 36 36 36 35 35 33 33 33 33 33 33 33 32 32 30 29 28 27 26 25 24 24 25 24 22 21 19 19 19 18 17 16 17 17 17 16 15 15 16 16 14 15 15 16 16 14 14 14 14 14 14 14 14 19 21 22 26 28 30 31 31 31 33 33 33 33 33 33 33 33 33 33 33 33 34 34 34 34 34 34 34 34 34 34 34 34 34 34 34 34 34 34 34 34 34 34 34 34 34 34 34 35 35 35 35 35 35 35 35 35 35 35 35 35 35 35 35 35 36 50 41 50 75 -1 -1 -1 -1 -1 -1 -1 -1 -1 -1 -1 -1 -1 -1 -1 -1 -1 -1 -1 -1 -1 -1 -1 -1 -1 -1 -1 -1 -1 -1 -1 -1 -1 -1 -1 -1 -1 -1 -1 -1 -1 -1 -1 -1 -1 -1
-1 -1 -1 -1 -1 -1 -1 -1 75 52 43 37 37 36 36 36 35 35 33 33 33 33 33 33 32 31 30 28 27 27 25 25 24 24 25 24 21 26 19 19 19 18 16 17 17 18 15 16 15 15 16 16 14 15 16 16 15 14 14 14 14 14 14 14 42 25 22 25 27 30 31 34 35 35 35 36 36 37 37 37 37 38 36 34 34 34 34 34 34 34 34 34 34 34 34 34 34 34 34 34 34 34 34 35 35 35 35 35 35 35 35 35 35 35 35 35 35 35 35 35 35 35 35 35 35 35 35 35 35 35 36 50 41 44 75 -1 -1 -1 -1 -1 -1 -1 -1 -1 -1 -1 -1 -1 -1 -1 -1 -1 -1 -1 -1 -1 -1 -1 -1 -1 -1 -1 -1 -1 -1 -1 -1 -1 -1 -1 -1 -1 -1 -1 -1 -1 -1 -1 -1 -1 -1
-1 -1 -1 -1 -1 -1 -1 -1 73 52 37 37 37 36 36 36 36 35 35 33 33 33 33 33 33 30 29 29 27 26 26 24 24 25 25 24 22 20 18 19 18 17 16 17 17 17 16 16 16 16 16 16 14 15 16 16 15 14 14 14 14 15 19 19 40 38 26 32 34 35 36 37 38 38 38 38 38 39 39 39 39 38 37 46 34 34 34 34 34 34 34 34 35 35 35 35 35 35 35 35 35 35 35 35 35 35 35 35 35 35 35 35 35 35 35 35 35 35 35 35 35 35 35 35 35 35 35 35 35 35 36 49 42 39 75 -1 -1 -1 -1 -1 -1 -1 -1 -1 -1 -1 -1 -1 -1 -1 -1 -1 -1 -1 -1 -1 -1 -1 -1 -1 -1 -1 -1 -1 -1 -1 -1 -1 -1 -1 -1 -1 -1 -1 -1 -1 -1 -1 -1 -1 -1
-1 -1 -1 -1 -1 -1 -1 -1 67 63 38 37 37 37 36 36 36 35 35 35 33 33 33 33 31 31 29 28 28 26 25 25 24 26 24 23 22 20 18 18 17 16 16 17 17 15 16 15 16 16 16 16 15 15 16 16 15 14 14 14 14 16 23 21 19 55 31 35 36 37 38 43 48 49 49 53 53 55 52 55 63 63 69 67 59 38 37 36 36 36 36 36 36 36 36 36 36 36 36 36 36 36 36 36 36 36 36 36 36 36 36 36 36 36 36 36 36 36 36 36 36 36 36 36 36 36 36 36 36 36 36 49 44 40 75 -1 -1 -1 -1 -1 -1 -1 -1 -1 -1 -1 -1 -1 -1 -1 -1 -1 -1 -1 -1 -1 -1 -1 -1 -1 -1 -1 -1 -1 -1 -1 -1 -1 -1 -1 -1 -1 -1 -1 -1 -1 -1 -1 -1 -1 -1
-1 -1 -1 -1 -1 -1 -1 -1 58 66 38 38 37 37 37 36 36 36 35 35 33 33 33 32 31 30 29 28 27 27 25 24 26 25 24 24 22 19 19 18 17 16 17 16 15 15 16 15 16 16 16 16 15 16 16 16 14 14 14 14 14 16 26 28 38 69 60 62 62 62 73 75 74 69 75 73 73 73 70 70 70 61 61 51 48 47 44 46 38 37 37 37 37 37 37 37 37 37 37 37 36 36 36 36 36 36 36 36 36 36 36 36 36 36 36 36 36 36 36 36 36 36 36 36 36 36 36 36 36 36 36 43 48 40 75 -1 -1 -1 -1 -1 -1 -1 -1 -1 -1 -1 -1 -1 -1 -1 -1 -1 -1 -1 -1 -1 -1 -1 -1 -1 -1 -1 -1 -1 -1 -1 -1 -1 -1 -1 -1 -1 -1 -1 -1 -1 -1 -1 -1 -1 -1
-1 -1 -1 -1 -1 -1 -1 -1 52 69 38 38 38 37 37 37 36 36 36 35 35 33 33 32 30 30 29 27 27 26 24 24 26 24 25 23 25 24 18 17 17 16 17 16 16 16 16 16 17 16 16 15 15 16 16 16 14 14 14 14 14 21 25 23 61 75 70 68 68 68 64 55 55 52 -1 -1 -1 -1 -1 -1 -1 -1 -1 -1 49 48 47 47 46 42 40 39 38 38 37 37 37 37 37 37 37 37 37 37 37 37 37 37 37 37 37 37 37 36 36 36 36 36 36 36 36 36 36 36 36 36 36 36 36 36 36 43 48 40 69 57 -1 -1 -1 -1 -1 -1 -1 -1 -1 -1 -1 -1 -1 -1 -1 -1 -1 -1 -1 -1 -1 -1 -1 -1 -1 -1 -1 -1 -1 -1 -1 -1 -1 -1 -1 -1 -1 -1 -1 -1 -1 -1 -1 -1 -1
-1 -1 -1 -1 -1 -1 -1 -1 52 72 49 38 38 37 37 37 37 36 36 36 35 35 32 32 31 29 29 28 26 26 25 24 25 25 25 23 20 18 17 17 17 16 16 15 16 16 16 16 16 16 16 15 15 16 16 16 14 14 14 14 14 20 18 18 72 75 -1 -1 -1 -1 -1 -1 -1 -1 -1 -1 -1 -1 -1 -1 -1 -1 -1 -1 -1 49 48 47 47 47 45 42 42 40 39 38 38 38 38 38 37 37 37 37 37 37 37 37 37 37 37 37 37 37 37 37 37 37 37 37 37 37 37 37 37 36 36 36 36 36 36 43 48 40 61 70 -1 -1 -1 -1 -1 -1 -1 -1 -1 -1 -1 -1 -1 -1 -1 -1 -1 -1 -1 -1 -1 -1 -1 -1 -1 -1 -1 -1 -1 -1 -1 -1 -1 -1 -1 -1 -1 -1 -1 -1 -1 -1 -1 -1 -1
-1 -1 -1 -1 -1 -1 -1 -1 -1 67 40 38 38 38 37 37 37 36 36 36 35 35 33 31 30 30 28 28 27 25 25 26 25 25 25 22 21 17 17 17 17 16 15 15 16 16 16 16 16 16 16 15 16 16 16 16 14 14 14 14 14 20 18 18 35 75 -1 -1 -1 -1 -1 -1 -1 -1 -1 -1 -1 -1 -1 -1 -1 -1 -1 -1 -1 -1 -1 49 48 47 47 47 45 43 42 40 40 39 39 38 38 38 38 38 38 38 37 37 37 37 37 37 37 37 37 37 37 37 37 37 37 37 37 37 37 37 37 37 37 37 37 44 49 41 51 68 -1 -1 -1 -1 -1 -1 -1 -1 -1 -1 -1 -1 -1 -1 -1 -1 -1 -1 -1 -1 -1 -1 -1 -1 -1 -1 -1 -1 -1 -1 -1 -1 -1 -1 -1 -1 -1 -1 -1 -1 -1 -1 -1 -1 -1
-1 -1 -1 -1 -1 -1 -1 -1 -1 65 45 40 38 38 38 37 37 37 36 36 35 33 33 31 30 29 28 27 26 26 25 25 26 25 24 23 20 17 17 17 17 16 15 16 16 16 16 16 16 16 16 15 16 16 16 16 14 14 14 14 14 15 25 18 29 75 -1 -1 -1 -1 -1 -1 -1 -1 -1 -1 -1 -1 -1 -1 -1 -1 -1 -1 -1 -1 -1 -1 49 48 47 47 47 46 45 43 42 42 40 40 39 39 39 38 38 38 38 38 38 38 38 38 37 37 37 37 37 37 37 37 37 37 37 37 37 37 37 37 37 37 37 44 53 41 51 68 -1 -1 -1 -1 -1 -1 -1 -1 -1 -1 -1 -1 -1 -1 -1 -1 -1 -1 -1 -1 -1 -1 -1 -1 -1 -1 -1 -1 -1 -1 -1 -1 -1 -1 -1 -1 -1 -1 -1 -1 -1 -1 -1 -1 -1
-1 -1 -1 -1 -1 -1 -1 -1 -1 53 54 40 38 38 38 38 37 37 37 36 35 35 33 31 30 29 28 26 26 26 24 26 25 25 24 21 24 23 17 17 16 15 15 16 17 16 16 17 16 16 16 15 16 16 16 16 14 14 14 14 14 15 25 18 24 75 -1 -1 -1 -1 -1 -1 -1 -1 -1 -1 -1 -1 -1 -1 -1 -1 -1 -1 -1 -1 -1 -1 -1 49 49 47 47 47 47 46 45 43 42 42 40 40 40 39 39 39 39 38 38 38 38 38 38 38 38 38 38 38 37 37 37 37 37 37 37 37 37 37 37 37 37 39 53 41 46 73 -1 -1 -1 -1 -1 -1 -1 -1 -1 -1 -1 -1 -1 -1 -1 -1 -1 -1 -1 -1 -1 -1 -1 -1 -1 -1 -1 -1 -1 -1 -1 -1 -1 -1 -1 -1 -1 -1 -1 -1 -1 -1 -1 -1 -1
-1 -1 -1 -1 -1 -1 -1 -1 -1 48 54 41 40 38 38 38 37 37 37 36 35 33 33 32 30 29 28 27 26 25 25 26 25 25 24 21 18 17 17 16 15 15 15 16 17 16 16 17 16 16 16 16 16 16 16 15 14 14 14 14 14 15 23 20 24 75 59 -1 -1 -1 -1 -1 -1 -1 -1 -1 -1 -1 -1 -1 -1 -1 -1 -1 -1 -1 -1 -1 -1 -1 49 49 47 47 47 47 46 45 45 43 42 42 42 40 40 39 39 39 39 39 39 38 38 38 38 38 38 38 38 38 38 38 38 37 37 37 37 37 37 37 37 39 54 42 41 73 -1 -1 -1 -1 -1 -1 -1 -1 -1 -1 -1 -1 -1 -1 -1 -1 -1 -1 -1 -1 -1 -1 -1 -1 -1 -1 -1 -1 -1 -1 -1 -1 -1 -1 -1 -1 -1 -1 -1 -1 -1 -1 -1 -1 -1
-1 -1 -1 -1 -1 -1 -1 -1 -1 -1 51 42 40 40 38 38 38 37 36 35 33 33 33 32 31 29 27 27 27 24 26 26 24 25 24 20 20 17 17 16 16 15 16 16 16 16 17 17 16 16 16 16 16 16 16 15 14 14 14 14 14 14 22 21 18 75 61 -1 -1 -1 -1 -1 -1 -1 -1 -1 -1 -1 -1 -1 -1 -1 -1 -1 -1 -1 -1 -1 -1 -1 -1 -1 49 49 47 47 47 46 46 45 44 43 42 42 42 40 40 40 39 39 39 39 39 39 39 38 38 38 38 38 38 38 38 38 38 38 38 38 38 37 37 38 53 43 41 73 -1 -1 -1 -1 -1 -1 -1 -1 -1 -1 -1 -1 -1 -1 -1 -1 -1 -1 -1 -1 -1 -1 -1 -1 -1 -1 -1 -1 -1 -1 -1 -1 -1 -1 -1 -1 -1 -1 -1 -1 -1 -1 -1 -1 -1
-1 -1 -1 -1 -1 -1 -1 -1 -1 -1 52 42 42 40 39 38 38 38 35 35 35 33 33 32 30 29 28 27 25 25 26 25 25 26 21 21 20 17 16 15 15 15 16 17 16 16 17 17 16 17 17 16 16 16 16 14 14 14 14 14 14 14 21 21 18 75 75 -1 -1 -1 -1 -1 -1 -1 -1 -1 -1 -1 -1 -1 -1 -1 -1 -1 -1 -1 -1 -1 -1 -1 -1 -1 -1 49 49 47 47 47 48 47 46 45 44 43 43 42 42 42 40 40 40 39 39 39 39 39 39 39 38 38 38 38 38 38 38 38 38 38 38 38 38 39 52 44 42 73 -1 -1 -1 -1 -1 -1 -1 -1 -1 -1 -1 -1 -1 -1 -1 -1 -1 -1 -1 -1 -1 -1 -1 -1 -1 -1 -1 -1 -1 -1 -1 -1 -1 -1 -1 -1 -1 -1 -1 -1 -1 -1 -1 -1 -1
-1 -1 -1 -1 -1 -1 -1 -1 -1 -1 -1 48 42 41 40 38 38 37 36 35 33 33 32 32 31 29 28 26 25 26 25 24 26 25 22 20 19 22 15 15 15 15 16 17 16 16 17 17 16 17 18 16 16 16 16 14 14 14 14 14 14 14 21 21 18 75 75 -1 -1 -1 -1 -1 -1 -1 -1 -1 -1 -1 -1 -1 -1 -1 -1 -1 -1 -1 -1 -1 -1 -1 -1 -1 -1 -1 49 49 49 49 50 49 47 46 46 45 44 43 43 42 42 42 40 40 40 40 39 39 39 39 39 39 39 39 38 38 38 38 38 38 38 38 38 39 51 44 42 70 -1 -1 -1 -1 -1 -1 -1 -1 -1 -1 -1 -1 -1 -1 -1 -1 -1 -1 -1 -1 -1 -1 -1 -1 -1 -1 -1 -1 -1 -1 -1 -1 -1 -1 -1 -1 -1 -1 -1 -1 -1 -1 -1 -1 -1
-1 -1 -1 -1 -1 -1 -1 -1 -1 -1 -1 49 48 42 40 39 37 36 35 35 33 33 33 31 30 30 29 26 25 26 26 24 25 24 22 21 18 16 15 16 15 16 16 17 16 17 17 17 16 17 17 16 16 16 16 14 14 14 14 14 14 14 21 21 18 75 75 -1 -1 -1 -1 -1 -1 -1 -1 -1 -1 -1 -1 -1 -1 -1 -1 -1 -1 -1 -1 -1 -1 -1 -1 -1 -1 -1 -1 49 49 50 49 48 47 47 46 46 46 45 44 43 43 42 42 42 40 40 40 40 40 39 39 39 39 39 39 39 39 39 38 38 38 38 38 38 50 45 42 70 52 -1 -1 -1 -1 -1 -1 -1 -1 -1 -1 -1 -1 -1 -1 -1 -1 -1 -1 -1 -1 -1 -1 -1 -1 -1 -1 -1 -1 -1 -1 -1 -1 -1 -1 -1 -1 -1 -1 -1 -1 -1 -1 -1 -1
-1 -1 -1 -1 -1 -1 -1 -1 -1 -1 -1 -1 48 48 42 40 37 35 35 35 33 33 32 30 30 30 28 27 25 26 25 26 25 24 23 21 19 16 15 16 15 16 16 17 16 18 17 17 16 17 17 16 16 16 16 14 14 14 14 14 14 14 21 20 18 61 75 -1 -1 -1 -1 -1 -1 -1 -1 -1 -1 -1 -1 -1 -1 -1 -1 -1 -1 -1 -1 -1 -1 -1 -1 -1 -1 -1 -1 -1 -1 52 52 -1 48 48 47 46 46 46 46 45 44 43 43 42 42 42 42 40 40 40 40 40 39 39 39 39 39 39 39 39 39 39 38 38 50 50 42 62 57 -1 -1 -1 -1 -1 -1 -1 -1 -1 -1 -1 -1 -1 -1 -1 -1 -1 -1 -1 -1 -1 -1 -1 -1 -1 -1 -1 -1 -1 -1 -1 -1 -1 -1 -1 -1 -1 -1 -1 -1 -1 -1 -1 -1
-1 -1 -1 -1 -1 -1 -1 -1 -1 -1 -1 -1 -1 48 42 39 38 36 35 35 33 32 32 31 30 29 28 27 26 27 25 25 25 25 22 21 17 15 15 16 15 16 17 17 16 18 17 17 17 18 16 16 16 16 16 14 14 14 14 14 14 14 16 25 18 45 75 -1 -1 -1 -1 -1 -1 -1 -1 -1 -1 -1 -1 -1 -1 -1 -1 -1 -1 -1 -1 -1 -1 -1 -1 -1 -1 -1 -1 -1 -1 -1 -1 -1 -1 48 48 47 47 46 46 46 46 45 44 43 43 42 42 42 42 40 40 40 40 40 40 39 39 39 39 39 39 39 39 39 46 51 42 57 64 -1 -1 -1 -1 -1 -1 -1 -1 -1 -1 -1 -1 -1 -1 -1 -1 -1 -1 -1 -1 -1 -1 -1 -1 -1 -1 -1 -1 -1 -1 -1 -1 -1 -1 -1 -1 -1 -1 -1 -1 -1 -1 -1 -1
-1 -1 -1 -1 -1 -1 -1 -1 -1 -1 -1 -1 -1 -1 47 40 37 36 35 33 33 33 31 31 30 28 28 27 27 26 25 25 25 24 22 20 16 21 16 16 15 16 17 17 17 18 17 17 17 18 16 16 16 16 16 14 14 14 14 14 14 14 15 23 18 29 75 -1 -1 -1 -1 -1 -1 -1 -1 -1 -1 -1 -1 -1 -1 -1 -1 -1 -1 -1 -1 -1 -1 -1 -1 -1 -1 -1 -1 -1 -1 -1 -1 -1 -1 -1 -1 48 48 47 46 46 46 46 45 45 44 43 43 43 42 42 42 42 40 40 40 40 40 40 39 39 39 39 39 39 45 49 42 42 63 49 -1 -1 -1 -1 -1 -1 -1 -1 -1 -1 -1 -1 -1 -1 -1 -1 -1 -1 -1 -1 -1 -1 -1 -1 -1 -1 -1 -1 -1 -1 -1 -1 -1 -1 -1 -1 -1 -1 -1 -1 -1 -1 -1
-1 -1 -1 -1 -1 -1 -1 -1 -1 -1 -1 -1 -1 49 46 45 39 36 35 33 33 32 32 31 29 29 27 26 28 27 25 25 25 25 22 19 17 21 16 16 16 16 17 17 18 18 17 16 17 18 16 16 16 16 15 14 14 14 14 14 14 14 15 23 18 18 75 -1 -1 -1 -1 -1 -1 -1 -1 -1 -1 -1 -1 -1 -1 -1 -1 -1 -1 -1 -1 -1 -1 -1 -1 -1 -1 -1 -1 -1 -1 -1 -1 -1 -1 -1 -1 -1 48 48 47 46 46 46 46 46 45 45 44 43 43 43 42 42 42 42 40 40 40 40 40 40 40 39 39 39 45 45 47 42 62 48 48 49 -1 -1 -1 -1 -1 -1 -1 -1 -1 -1 -1 -1 -1 -1 -1 -1 -1 -1 -1 -1 -1 -1 -1 -1 -1 -1 -1 -1 -1 -1 -1 -1 -1 -1 -1 -1 -1 -1 -1 -1 -1
-1 -1 -1 -1 -1 -1 -1 -1 -1 -1 -1 -1 -1 48 48 45 39 36 35 33 33 32 32 30 29 29 27 27 27 25 25 26 25 23 22 19 17 16 16 16 16 17 17 16 18 18 17 17 18 18 16 16 16 16 15 14 14 14 14 14 14 14 16 19 18 18 75 -1 -1 -1 -1 -1 -1 -1 -1 -1 -1 -1 -1 -1 -1 -1 -1 -1 -1 -1 -1 -1 -1 -1 -1 -1 -1 -1 -1 -1 -1 -1 -1 -1 -1 -1 -1 -1 -1 49 48 47 47 46 46 46 46 46 45 44 44 43 43 43 42 42 42 42 42 40 40 40 40 40 40 43 42 45 50 42 49 45 47 48 48 48 49 -1 -1 -1 -1 -1 -1 -1 -1 -1 -1 -1 -1 -1 -1 -1 -1 -1 -1 -1 -1 -1 -1 -1 -1 -1 -1 -1 -1 -1 -1 -1 -1 -1 -1 -1 -1 -1 -1
-1 -1 -1 -1 -1 -1 -1 -1 -1 -1 -1 -1 49 48 47 47 44 38 35 33 33 32 31 30 29 28 27 27 27 25 27 26 25 22 21 20 17 16 16 15 16 17 17 16 18 18 17 17 18 18 16 16 16 16 15 14 14 14 14 14 14 14 16 25 18 18 75 55 -1 -1 -1 -1 -1 -1 -1 -1 -1 -1 -1 -1 -1 -1 -1 -1 -1 -1 -1 -1 -1 -1 -1 -1 -1 -1 -1 -1 -1 -1 -1 -1 -1 -1 -1 -1 -1 -1 -1 48 48 47 46 46 46 46 46 46 45 44 44 43 43 43 42 42 42 42 42 40 40 40 42 46 43 42 58 41 42 42 43 45 46 47 48 48 48 49 -1 -1 -1 -1 -1 -1 -1 -1 -1 -1 -1 -1 -1 -1 -1 -1 -1 -1 -1 -1 -1 -1 -1 -1 -1 -1 -1 -1 -1 -1 -1 -1 -1 -1 -1
-1 -1 -1 -1 -1 -1 -1 -1 -1 -1 -1 49 48 47 47 46 46 44 36 33 33 33 30 30 29 27 26 29 25 25 28 26 24 24 21 20 18 16 16 16 16 17 17 18 18 17 17 17 18 18 16 16 16 16 14 14 14 14 14 14 14 14 16 24 19 18 75 64 -1 -1 -1 -1 -1 -1 -1 -1 -1 -1 -1 -1 -1 -1 -1 -1 -1 -1 -1 -1 -1 -1 -1 -1 -1 -1 -1 -1 -1 -1 -1 -1 -1 -1 -1 -1 -1 -1 -1 -1 49 48 47 46 46 46 46 46 46 46 45 44 44 43 43 43 42 42 42 42 42 42 42 53 43 42 60 46 52 42 42 42 44 46 47 46 51 52 52 52 -1 -1 -1 -1 -1 -1 -1 -1 -1 -1 -1 -1 -1 -1 -1 -1 -1 -1 -1 -1 -1 -1 -1 -1 -1 -1 -1 -1 -1 -1 -1 -1 -1
-1 -1 -1 -1 -1 -1 -1 -1 -1 -1 -1 48 48 47 46 46 45 44 37 33 33 32 31 29 28 28 27 26 26 26 27 26 24 22 21 20 17 22 16 16 16 17 17 18 18 17 18 17 18 17 16 16 16 16 14 14 14 14 14 14 14 14 15 22 19 18 75 72 -1 -1 -1 -1 -1 -1 -1 -1 -1 -1 -1 -1 -1 -1 -1 -1 -1 -1 -1 -1 -1 -1 -1 -1 -1 -1 -1 -1 -1 -1 -1 -1 -1 -1 -1 -1 -1 -1 -1 -1 -1 49 48 47 47 46 46 46 46 46 46 46 45 44 44 43 43 43 43 42 42 42 48 51 43 51 56 53 54 48 46 45 45 49 47 44 44 48 48 -1 -1 -1 -1 -1 -1 -1 -1 -1 -1 -1 -1 -1 -1 -1 -1 -1 -1 -1 -1 -1 -1 -1 -1 -1 -1 -1 -1 -1 -1 -1 -1 -1 -1
-1 -1 -1 -1 -1 -1 -1 -1 -1 -1 49 48 47 47 46 45 45 44 42 36 33 31 31 29 28 27 28 26 26 27 26 26 25 24 22 19 18 17 16 16 17 17 17 18 18 17 18 18 18 17 16 16 16 16 14 14 14 14 14 14 14 14 14 21 19 18 75 75 -1 -1 -1 -1 -1 -1 -1 -1 -1 -1 -1 -1 -1 -1 -1 -1 -1 -1 -1 -1 -1 -1 -1 -1 -1 -1 -1 -1 -1 -1 -1 -1 -1 -1 -1 -1 -1 -1 -1 -1 -1 -1 -1 49 48 47 46 46 46 46 46 46 46 46 45 44 44 43 43 43 43 42 42 43 47 49 47 56 54 48 48 48 48 48 47 45 53 53 55 54 52 -1 -1 -1 -1 -1 -1 -1 -1 -1 -1 -1 -1 -1 -1 -1 -1 -1 -1 -1 -1 -1 -1 -1 -1 -1 -1 -1 -1 -1 -1 -1 -1
-1 -1 -1 -1 -1 -1 -1 -1 -1 49 48 47 47 46 46 45 44 44 44 42 35 32 30 29 27 27 26 26 26 28 26 26 26 24 22 20 24 17 17 16 17 17 19 18 18 17 18 18 18 17 16 16 16 16 14 14 14 14 14 14 14 14 14 21 20 18 61 75 -1 -1 -1 -1 -1 -1 -1 -1 -1 -1 -1 -1 -1 -1 -1 -1 -1 -1 -1 -1 -1 -1 -1 -1 -1 -1 -1 -1 -1 -1 -1 -1 -1 -1 -1 -1 -1 -1 -1 -1 -1 -1 -1 -1 49 48 47 47 46 46 46 46 46 46 46 45 45 44 44 43 43 43 43 44 54 53 46 54 55 -1 -1 48 52 55 52 49 52 52 52 52 52 -1 -1 -1 -1 -1 -1 -1 -1 -1 -1 -1 -1 -1 -1 -1 -1 -1 -1 -1 -1 -1 -1 -1 -1 -1 -1 -1 -1 -1 -1 -1 -1
-1 -1 -1 -1 -1 -1 -1 -1 -1 52 48 47 46 46 45 44 44 44 44 42 39 32 29 29 27 25 27 27 26 27 26 25 26 25 22 20 19 16 17 16 17 17 19 18 18 18 18 18 18 16 16 16 16 16 14 14 14 14 14 14 14 14 14 15 18 18 29 75 -1 -1 -1 -1 -1 -1 -1 -1 -1 -1 -1 -1 -1 -1 -1 -1 -1 -1 -1 -1 -1 -1 -1 -1 -1 -1 -1 -1 -1 -1 -1 -1 -1 -1 -1 -1 -1 -1 -1 -1 -1 -1 -1 -1 -1 49 49 47 47 46 46 46 46 46 46 46 46 45 45 44 44 43 43 45 56 51 46 59 -1 -1 -1 -1 -1 -1 -1 -1 -1 -1 -1 -1 -1 -1 -1 -1 -1 -1 -1 -1 -1 -1 -1 -1 -1 -1 -1 -1 -1 -1 -1 -1 -1 -1 -1 -1 -1 -1 -1 -1 -1 -1 -1 -1 -1
-1 -1 -1 -1 -1 -1 -1 -1 -1 55 47 47 46 45 45 44 44 44 42 42 41 33 30 28 27 27 27 26 26 26 27 26 26 24 22 22 18 22 17 17 17 17 19 18 18 18 19 18 18 16 16 16 16 16 14 14 14 14 14 14 14 14 14 20 18 18 29 75 -1 -1 -1 -1 -1 -1 -1 -1 -1 -1 -1 -1 -1 -1 -1 -1 -1 -1 -1 -1 -1 -1 -1 -1 -1 -1 -1 -1 -1 -1 -1 -1 -1 -1 -1 -1 -1 -1 -1 -1 -1 -1 -1 -1 -1 -1 -1 49 48 47 47 46 46 46 46 46 46 46 46 45 45 44 44 45 56 49 47 59 -1 -1 -1 -1 -1 -1 -1 -1 -1 -1 -1 -1 -1 -1 -1 -1 -1 -1 -1 -1 -1 -1 -1 -1 -1 -1 -1 -1 -1 -1 -1 -1 -1 -1 -1 -1 -1 -1 -1 -1 -1 -1 -1 -1 -1
-1 -1 -1 -1 -1 -1 -1 -1 -1 54 47 46 46 45 44 44 44 44 42 42 41 38 33 29 25 27 27 26 28 27 26 27 27 24 22 22 19 17 17 17 17 18 18 18 18 18 19 18 18 16 16 16 16 15 14 14 14 14 14 14 14 14 14 15 18 18 18 75 -1 -1 -1 -1 -1 -1 -1 -1 -1 -1 -1 -1 -1 -1 -1 -1 -1 -1 -1 -1 -1 -1 -1 -1 -1 -1 -1 -1 -1 -1 -1 -1 -1 -1 -1 -1 -1 -1 -1 -1 -1 -1 -1 -1 -1 -1 -1 -1 49 48 47 47 46 46 46 46 46 46 46 46 46 45 45 44 53 45 42 70 -1 -1 -1 -1 -1 -1 -1 -1 -1 -1 -1 -1 -1 -1 -1 -1 -1 -1 -1 -1 -1 -1 -1 -1 -1 -1 -1 -1 -1 -1 -1 -1 -1 -1 -1 -1 -1 -1 -1 -1 -1 -1 -1 -1 -1
-1 -1 -1 -1 -1 -1 -1 -1 -1 57 47 46 45 44 44 44 44 42 42 41 40 40 37 27 26 28 27 26 27 26 26 27 25 24 22 21 20 19 17 17 17 19 18 18 18 18 19 18 18 16 16 16 16 15 14 14 14 14 14 14 14 14 14 20 17 18 18 75 -1 -1 -1 -1 -1 -1 -1 -1 -1 -1 -1 -1 -1 -1 -1 -1 -1 -1 -1 -1 -1 -1 -1 -1 -1 -1 -1 -1 -1 -1 -1 -1 -1 -1 -1 -1 -1 -1 -1 -1 -1 -1 -1 -1 -1 -1 -1 -1 -1 49 49 48 47 47 46 46 46 46 46 45 44 42 40 41 53 44 42 70 -1 -1 -1 -1 -1 -1 -1 -1 -1 -1 -1 -1 -1 -1 -1 -1 -1 -1 -1 -1 -1 -1 -1 -1 -1 -1 -1 -1 -1 -1 -1 -1 -1 -1 -1 -1 -1 -1 -1 -1 -1 -1 -1 -1 -1
-1 -1 -1 -1 -1 -1 -1 -1 -1 57 46 45 45 44 44 44 42 42 42 41 40 38 38 29 29 28 26 26 27 27 27 26 26 24 22 22 21 19 16 17 17 19 18 18 18 19 19 18 18 16 16 16 16 14 14 14 14 14 14 14 14 14 14 15 18 18 18 75 -1 -1 -1 -1 -1 -1 -1 -1 -1 -1 -1 -1 -1 -1 -1 -1 -1 -1 -1 -1 -1 -1 -1 -1 -1 -1 -1 -1 -1 -1 -1 -1 -1 -1 -1 -1 -1 -1 -1 -1 -1 -1 -1 -1 -1 -1 -1 -1 -1 -1 -1 49 48 47 47 45 45 42 40 40 40 40 40 42 54 46 42 70 -1 -1 -1 -1 -1 -1 -1 -1 -1 -1 -1 -1 -1 -1 -1 -1 -1 -1 -1 -1 -1 -1 -1 -1 -1 -1 -1 -1 -1 -1 -1 -1 -1 -1 -1 -1 -1 -1 -1 -1 -1 -1 -1 -1 -1
-1 -1 -1 -1 -1 -1 -1 -1 -1 56 46 45 44 44 44 42 42 42 41 40 40 38 36 35 31 27 26 27 27 27 28 27 25 24 24 21 20 24 17 17 18 19 18 18 18 19 18 18 17 16 16 16 16 14 14 14 14 14 14 14 14 14 14 16 19 18 18 75 -1 -1 -1 -1 -1 -1 -1 -1 -1 -1 -1 -1 -1 -1 -1 -1 -1 -1 -1 -1 -1 -1 -1 -1 -1 -1 -1 -1 -1 -1 -1 -1 -1 -1 -1 -1 -1 -1 -1 -1 -1 -1 -1 -1 -1 -1 -1 -1 -1 -1 -1 49 48 45 42 42 41 41 40 40 40 40 40 40 53 47 44 68 -1 -1 -1 -1 -1 -1 -1 -1 -1 -1 -1 -1 -1 -1 -1 -1 -1 -1 -1 -1 -1 -1 -1 -1 -1 -1 -1 -1 -1 -1 -1 -1 -1 -1 -1 -1 -1 -1 -1 -1 -1 -1 -1 -1 -1
-1 -1 -1 -1 -1 -1 -1 -1 -1 59 45 44 44 44 44 42 42 41 40 40 38 36 36 37 36 28 25 27 27 28 28 27 26 24 24 22 21 24 17 17 19 19 18 18 18 19 18 18 17 16 16 16 16 14 14 14 14 14 14 14 14 14 14 15 22 18 18 75 57 -1 -1 -1 -1 -1 -1 -1 -1 -1 -1 -1 -1 -1 -1 -1 -1 -1 -1 -1 -1 -1 -1 -1 -1 -1 -1 -1 -1 -1 -1 -1 -1 -1 -1 -1 -1 -1 -1 -1 -1 -1 -1 -1 -1 -1 -1 -1 49 46 44 44 44 44 44 42 42 41 40 40 40 40 40 40 52 47 44 66 -1 -1 -1 -1 -1 -1 -1 -1 -1 -1 -1 -1 -1 -1 -1 -1 -1 -1 -1 -1 -1 -1 -1 -1 -1 -1 -1 -1 -1 -1 -1 -1 -1 -1 -1 -1 -1 -1 -1 -1 -1 -1 -1 -1 -1
-1 -1 -1 -1 -1 -1 -1 -1 -1 61 45 44 44 44 42 42 42 41 40 38 37 36 36 37 37 29 28 27 28 27 28 28 25 25 24 21 21 18 17 17 19 19 18 18 19 19 18 18 17 16 16 16 16 14 14 14 14 14 14 14 14 14 14 15 22 18 18 75 70 -1 -1 -1 -1 -1 -1 -1 -1 -1 -1 -1 -1 -1 -1 -1 -1 -1 -1 -1 -1 -1 -1 -1 -1 -1 -1 -1 -1 -1 -1 -1 -1 -1 -1 -1 -1 -1 -1 -1 -1 -1 -1 -1 49 46 44 44 44 44 44 44 44 44 44 42 42 41 41 40 40 40 40 40 53 47 44 66 -1 -1 -1 -1 -1 -1 -1 -1 -1 -1 -1 -1 -1 -1 -1 -1 -1 -1 -1 -1 -1 -1 -1 -1 -1 -1 -1 -1 -1 -1 -1 -1 -1 -1 -1 -1 -1 -1 -1 -1 -1 -1 -1 -1 -1
-1 -1 -1 -1 -1 -1 -1 -1 -1 61 44 44 44 42 42 42 41 40 40 38 36 36 36 36 36 35 30 28 28 28 29 28 26 25 24 21 19 19 17 18 19 19 18 18 19 19 18 18 16 16 16 16 16 14 14 14 14 14 14 14 14 14 14 15 17 19 18 75 75 -1 -1 -1 -1 -1 -1 -1 -1 -1 -1 -1 -1 -1 -1 -1 -1 -1 -1 -1 -1 -1 -1 -1 -1 -1 -1 -1 -1 -1 -1 -1 -1 -1 -1 -1 -1 -1 -1 -1 49 46 44 44 44 44 44 44 44 44 44 44 44 44 44 44 42 42 41 41 41 40 40 40 51 47 44 66 -1 -1 -1 -1 -1 -1 -1 -1 -1 -1 -1 -1 -1 -1 -1 -1 -1 -1 -1 -1 -1 -1 -1 -1 -1 -1 -1 -1 -1 -1 -1 -1 -1 -1 -1 -1 -1 -1 -1 -1 -1 -1 -1 -1 -1
-1 -1 -1 -1 -1 -1 -1 -1 -1 61 52 44 44 42 42 41 40 40 38 36 36 36 36 37 36 35 37 29 28 29 29 28 26 25 24 22 19 25 17 19 19 19 18 19 19 19 18 18 16 16 16 16 16 14 14 14 14 14 14 14 14 14 14 14 20 19 18 75 75 -1 -1 -1 -1 -1 -1 -1 -1 -1 -1 -1 -1 -1 -1 -1 -1 -1 -1 -1 -1 -1 -1 -1 -1 -1 -1 -1 -1 -1 -1 -1 -1 -1 -1 -1 49 46 45 44 44 44 44 44 44 44 44 44 44 44 44 44 44 44 44 44 44 44 42 42 41 41 40 40 51 51 44 66 -1 -1 -1 -1 -1 -1 -1 -1 -1 -1 -1 -1 -1 -1 -1 -1 -1 -1 -1 -1 -1 -1 -1 -1 -1 -1 -1 -1 -1 -1 -1 -1 -1 -1 -1 -1 -1 -1 -1 -1 -1 -1 -1 -1 -1
-1 -1 -1 -1 -1 -1 -1 -1 -1 61 49 44 42 42 42 41 40 38 37 36 36 36 36 36 36 36 38 35 29 30 29 28 27 24 22 21 20 25 17 19 19 19 18 20 19 19 18 18 16 16 16 16 15 14 14 14 14 14 14 14 14 14 14 14 15 18 18 53 75 -1 -1 -1 -1 -1 -1 -1 -1 -1 -1 -1 -1 -1 -1 -1 -1 -1 -1 -1 -1 -1 -1 -1 -1 -1 -1 -1 -1 -1 -1 -1 -1 46 46 44 44 44 44 44 44 44 44 44 44 44 44 44 44 44 44 44 44 44 44 44 44 44 44 42 42 41 40 40 47 50 42 68 -1 -1 -1 -1 -1 -1 -1 -1 -1 -1 -1 -1 -1 -1 -1 -1 -1 -1 -1 -1 -1 -1 -1 -1 -1 -1 -1 -1 -1 -1 -1 -1 -1 -1 -1 -1 -1 -1 -1 -1 -1 -1 -1 -1 -1
-1 -1 -1 -1 -1 -1 -1 -1 -1 64 49 42 42 42 41 40 40 38 36 36 36 35 35 36 35 36 38 38 31 30 28 28 27 24 24 21 20 25 18 19 19 18 18 20 19 19 18 18 16 16 16 16 15 14 14 14 14 14 14 14 14 14 14 14 21 19 18 35 75 -1 -1 -1 -1 -1 -1 -1 -1 -1 -1 -1 -1 -1 -1 -1 -1 -1 -1 -1 -1 -1 -1 -1 -1 -1 -1 -1 -1 47 46 44 44 44 44 44 44 44 44 44 44 44 44 44 44 44 44 44 44 44 44 44 44 44 44 44 44 42 42 42 42 42 41 40 47 48 42 70 -1 -1 -1 -1 -1 -1 -1 -1 -1 -1 -1 -1 -1 -1 -1 -1 -1 -1 -1 -1 -1 -1 -1 -1 -1 -1 -1 -1 -1 -1 -1 -1 -1 -1 -1 -1 -1 -1 -1 -1 -1 -1 -1 -1 -1
-1 -1 -1 -1 -1 -1 -1 -1 -1 61 52 42 42 41 40 40 38 36 36 36 35 34 36 36 35 38 37 38 39 30 29 28 26 24 22 21 21 20 25 19 19 18 19 20 19 19 18 18 16 16 16 16 15 14 14 14 14 14 14 14 14 14 14 14 15 18 18 24 75 -1 -1 -1 -1 -1 -1 -1 -1 -1 -1 -1 -1 -1 -1 -1 -1 -1 -1 -1 -1 -1 -1 -1 -1 49 46 44 44 44 44 44 44 44 44 44 44 44 44 44 44 44 44 44 44 44 44 44 44 44 44 44 42 42 42 42 42 42 42 42 42 42 40 40 40 46 41 73 -1 -1 -1 -1 -1 -1 -1 -1 -1 -1 -1 -1 -1 -1 -1 -1 -1 -1 -1 -1 -1 -1 -1 -1 -1 -1 -1 -1 -1 -1 -1 -1 -1 -1 -1 -1 -1 -1 -1 -1 -1 -1 -1 -1 -1
-1 -1 -1 -1 -1 -1 -1 -1 -1 58 57 42 42 41 40 40 37 36 36 36 35 34 36 35 36 37 37 38 40 38 29 29 24 24 24 22 20 19 19 19 19 18 20 20 19 19 18 18 16 16 16 16 14 14 14 14 14 14 14 14 14 14 14 14 20 18 18 24 75 -1 -1 -1 -1 -1 -1 -1 -1 -1 -1 -1 -1 -1 -1 -1 -1 -1 -1 -1 -1 49 46 44 44 44 44 44 44 44 44 44 44 44 44 44 44 44 44 44 44 44 44 44 44 44 42 42 42 42 42 42 42 42 42 42 41 41 41 41 41 41 41 40 40 44 40 75 -1 -1 -1 -1 -1 -1 -1 -1 -1 -1 -1 -1 -1 -1 -1 -1 -1 -1 -1 -1 -1 -1 -1 -1 -1 -1 -1 -1 -1 -1 -1 -1 -1 -1 -1 -1 -1 -1 -1 -1 -1 -1 -1 -1 -1
-1 -1 -1 -1 -1 -1 -1 -1 -1 59 60 42 41 40 40 38 36 36 36 35 33 35 35 35 36 37 38 38 39 40 33 27 26 24 24 22 22 19 19 19 19 18 20 19 19 19 18 17 16 16 16 16 14 14 14 14 14 14 14 14 14 14 14 14 15 18 18 24 75 -1 -1 -1 -1 -1 -1 52 55 56 59 61 61 64 64 55 64 64 46 44 44 44 44 44 44 44 44 44 44 44 44 44 44 44 44 44 44 44 44 44 44 42 42 42 42 42 42 42 42 41 41 41 41 41 41 41 41 40 40 40 40 40 40 40 44 40 40 75 -1 -1 -1 -1 -1 -1 -1 -1 -1 -1 -1 -1 -1 -1 -1 -1 -1 -1 -1 -1 -1 -1 -1 -1 -1 -1 -1 -1 -1 -1 -1 -1 -1 -1 -1 -1 -1 -1 -1 -1 -1 -1 -1 -1 -1
-1 -1 -1 -1 -1 -1 -1 -1 -1 57 67 41 40 40 38 36 36 36 35 34 33 36 35 35 37 37 38 38 39 40 39 28 25 24 22 22 23 21 19 19 20 19 20 19 19 19 18 17 16 16 16 16 14 14 14 14 14 14 14 14 14 14 14 14 15 17 18 24 75 64 64 64 64 61 61 61 58 55 53 44 44 44 44 49 49 44 44 44 44 44 44 44 44 44 44 44 44 44 44 44 44 44 44 42 42 42 42 42 42 42 42 41 41 41 41 41 41 40 40 40 40 40 40 40 40 40 40 40 40 40 40 40 40 40 40 75 -1 -1 -1 -1 -1 -1 -1 -1 -1 -1 -1 -1 -1 -1 -1 -1 -1 -1 -1 -1 -1 -1 -1 -1 -1 -1 -1 -1 -1 -1 -1 -1 -1 -1 -1 -1 -1 -1 -1 -1 -1 -1 -1 -1 -1
-1 -1 -1 -1 -1 -1 -1 -1 -1 57 70 41 40 40 37 36 36 36 35 33 34 35 35 34 37 37 38 39 39 39 39 35 25 25 22 22 28 21 19 19 20 20 20 19 19 19 18 16 16 16 16 16 14 14 14 14 14 14 14 14 14 14 14 14 14 16 18 18 75 49 49 49 49 49 49 49 49 49 49 49 49 49 44 44 44 44 44 44 44 44 44 44 44 44 44 44 44 44 42 42 42 42 42 42 42 41 41 41 41 41 40 40 40 40 40 40 40 40 40 40 40 40 40 39 39 39 39 39 39 39 39 39 39 39 39 69 61 -1 -1 -1 -1 -1 -1 -1 -1 -1 -1 -1 -1 -1 -1 -1 -1 -1 -1 -1 -1 -1 -1 -1 -1 -1 -1 -1 -1 -1 -1 -1 -1 -1 -1 -1 -1 -1 -1 -1 -1 -1 -1 -1 -1
-1 -1 -1 -1 -1 -1 -1 -1 -1 -1 70 40 40 38 36 36 36 35 33 33 34 35 35 35 37 38 37 39 40 38 39 36 28 25 24 22 24 21 25 19 20 20 20 19 19 18 18 16 16 16 16 16 14 14 14 14 14 14 14 14 14 14 14 14 14 16 18 18 75 44 44 44 44 44 44 44 44 44 44 44 44 44 44 44 44 44 44 44 44 44 44 44 44 42 42 42 42 42 42 41 41 41 40 40 40 40 40 40 40 39 39 39 39 39 39 39 39 39 39 39 39 39 39 39 39 39 39 39 39 39 39 39 39 39 39 64 64 -1 -1 -1 -1 -1 -1 -1 -1 -1 -1 -1 -1 -1 -1 -1 -1 -1 -1 -1 -1 -1 -1 -1 -1 -1 -1 -1 -1 -1 -1 -1 -1 -1 -1 -1 -1 -1 -1 -1 -1 -1 -1 -1 -1
-1 -1 -1 -1 -1 -1 -1 -1 -1 -1 72 40 38 36 36 36 35 34 33 33 35 35 34 36 37 38 38 39 39 38 38 37 36 26 24 25 25 21 20 19 20 20 20 19 19 18 18 16 16 16 16 15 14 14 14 14 14 14 14 14 14 14 14 14 14 16 18 18 75 58 44 44 44 44 44 44 44 44 44 44 44 44 44 48 44 44 44 42 42 42 42 42 42 41 39 39 39 39 39 39 39 39 39 39 39 39 39 39 39 39 39 39 39 39 39 39 39 39 39 39 39 39 39 39 39 39 39 39 39 39 39 39 39 39 39 58 75 -1 -1 -1 -1 -1 -1 -1 -1 -1 -1 -1 -1 -1 -1 -1 -1 -1 -1 -1 -1 -1 -1 -1 -1 -1 -1 -1 -1 -1 -1 -1 -1 -1 -1 -1 -1 -1 -1 -1 -1 -1 -1 -1 -1
-1 -1 -1 -1 -1 -1 -1 -1 -1 -1 75 40 37 36 36 36 34 33 33 33 35 34 34 37 37 37 39 39 38 38 38 36 36 34 24 25 25 26 19 20 20 20 20 19 19 18 18 16 16 16 16 15 14 14 14 14 14 14 14 14 14 14 14 14 14 16 18 18 73 69 51 51 51 51 51 51 47 47 51 51 51 50 53 42 42 42 40 39 39 39 39 39 39 39 39 39 39 39 39 39 39 39 39 39 39 39 39 39 39 39 39 39 39 39 39 39 39 39 39 39 39 39 39 39 39 39 39 39 39 39 39 39 39 39 39 53 73 -1 -1 -1 -1 -1 -1 -1 -1 -1 -1 -1 -1 -1 -1 -1 -1 -1 -1 -1 -1 -1 -1 -1 -1 -1 -1 -1 -1 -1 -1 -1 -1 -1 -1 -1 -1 -1 -1 -1 -1 -1 -1 -1 -1
-1 -1 -1 -1 -1 -1 -1 -1 -1 50 75 38 36 36 36 35 33 33 33 34 35 34 35 37 37 37 39 38 38 38 37 36 35 35 31 24 25 21 19 20 20 20 20 19 19 18 18 16 16 16 16 15 14 14 14 14 14 14 14 14 14 14 14 14 14 15 18 18 45 57 47 49 38 50 50 45 45 40 45 44 39 39 39 39 39 39 39 39 39 39 39 39 39 39 39 39 39 39 39 39 39 39 39 39 39 39 39 39 39 39 39 39 39 39 39 39 39 39 39 39 39 39 39 39 39 39 39 39 39 39 39 39 39 39 39 44 75 -1 -1 -1 -1 -1 -1 -1 -1 -1 -1 -1 -1 -1 -1 -1 -1 -1 -1 -1 -1 -1 -1 -1 -1 -1 -1 -1 -1 -1 -1 -1 -1 -1 -1 -1 -1 -1 -1 -1 -1 -1 -1 -1 -1
-1 -1 -1 -1 -1 -1 -1 -1 -1 50 74 36 36 36 35 33 33 33 33 35 34 34 36 37 37 38 38 38 38 38 38 36 35 35 34 25 25 21 25 20 20 20 20 19 19 18 18 16 16 16 16 14 14 14 14 14 14 14 14 14 14 14 14 14 14 15 17 18 18 20 32 35 36 37 37 38 38 38 38 38 38 38 38 38 38 39 39 39 39 39 39 39 39 39 39 39 39 39 39 39 39 39 39 39 39 39 39 39 39 39 39 39 39 39 39 39 39 39 39 39 39 39 39 39 39 39 39 39 39 39 39 39 39 39 39 44 75 -1 -1 -1 -1 -1 -1 -1 -1 -1 -1 -1 -1 -1 -1 -1 -1 -1 -1 -1 -1 -1 -1 -1 -1 -1 -1 -1 -1 -1 -1 -1 -1 -1 -1 -1 -1 -1 -1 -1 -1 -1 -1 -1 -1
-1 -1 -1 -1 -1 -1 -1 -1 50 49 74 36 36 36 34 33 33 33 33 35 34 34 37 36 37 39 37 38 38 38 36 36 35 35 35 35 25 26 26 21 20 20 20 19 19 18 17 16 16 16 16 14 14 14 14 14 14 14 14 14 14 14 14 14 14 14 17 18 18 19 26 31 35 35 36 37 37 37 37 37 38 38 38 38 38 38 38 38 38 38 38 38 38 38 38 38 38 38 39 39 39 39 39 39 39 39 39 39 39 39 39 39 39 39 39 39 39 39 39 39 39 39 39 39 39 39 39 39 39 39 39 39 39 39 39 39 75 -1 -1 -1 -1 -1 -1 -1 -1 -1 -1 -1 -1 -1 -1 -1 -1 -1 -1 -1 -1 -1 -1 -1 -1 -1 -1 -1 -1 -1 -1 -1 -1 -1 -1 -1 -1 -1 -1 -1 -1 -1 -1 -1 -1
-1 -1 -1 -1 -1 -1 -1 50 49 48 74 36 36 35 33 33 33 33 34 34 34 35 36 37 37 37 38 37 39 38 36 36 35 34 35 35 30 26 20 21 20 20 20 19 19 18 17 16 16 16 16 14 14 14 14 14 14 14 14 14 14 14 14 14 14 14 17 18 18 18 21 30 31 33 35 35 36 37 37 37 37 37 37 37 38 38 38 38 38 38 38 38 38 38 38 38 38 38 38 38 38 38 38 38 38 38 38 38 38 38 39 39 39 39 39 39 39 39 39 39 39 39 39 39 39 39 39 39 39 39 39 39 39 39 39 39 75 -1 -1 -1 -1 -1 -1 -1 -1 -1 -1 -1 -1 -1 -1 -1 -1 -1 -1 -1 -1 -1 -1 -1 -1 -1 -1 -1 -1 -1 -1 -1 -1 -1 -1 -1 -1 -1 -1 -1 -1 -1 -1 -1 -1
-1 -1 -1 -1 -1 -1 -1 50 49 48 74 36 35 33 33 33 33 33 33 34 34 36 36 37 37 37 37 37 39 37 36 36 35 36 35 35 33 23 20 21 20 20 19 19 19 18 17 16 16 16 16 14 14 14 14 14 14 14 14 14 14 14 14 14 14 14 17 18 18 18 19 27 30 31 33 35 35 35 36 36 37 37 37 37 37 37 37 37 37 38 38 38 38 38 38 38 38 38 38 38 38 38 38 38 38 38 38 38 38 38 38 38 38 38 38 38 38 38 38 38 38 38 39 39 39 39 39 39 39 39 39 39 39 39 39 39 75 -1 -1 -1 -1 -1 -1 -1 -1 -1 -1 -1 -1 -1 -1 -1 -1 -1 -1 -1 -1 -1 -1 -1 -1 -1 -1 -1 -1 -1 -1 -1 -1 -1 -1 -1 -1 -1 -1 -1 -1 -1 -1 -1 -1
-1 -1 -1 -1 -1 -1 50 49 48 48 74 36 34 33 33 33 33 33 34 34 34 35 36 37 36 37 37 38 38 38 37 35 34 36 37 35 33 31 26 21 20 20 19 19 19 18 16 16 16 16 16 14 14 14 14 14 14 14 14 14 14 14 14 14 14 14 15 18 18 18 19 22 28 31 31 33 33 35 35 35 36 36 36 37 37 37 37 37 37 37 37 37 37 38 38 38 38 38 38 38 38 38 38 38 38 38 38 38 38 38 38 38 38 38 38 38 38 38 38 38 38 38 38 38 38 38 38 38 38 38 38 38 38 38 38 39 75 -1 -1 -1 -1 -1 -1 -1 -1 -1 -1 -1 -1 -1 -1 -1 -1 -1 -1 -1 -1 -1 -1 -1 -1 -1 -1 -1 -1 -1 -1 -1 -1 -1 -1 -1 -1 -1 -1 -1 -1 -1 -1 -1 -1
-1 -1 -1 -1 -1 -1 50 50 48 48 74 40 33 33 33 33 33 33 34 34 34 36 37 35 37 37 37 39 37 38 38 35 35 36 36 35 33 30 33 21 20 20 19 19 19 18 16 16 16 16 16 14 14 14 14 14 14 14 14 14 14 14 14 14 14 14 15 18 18 18 18 21 26 29 31 31 33 33 33 35 35 35 36 36 36 37 37 37 37 37 37 37 37 37 37 37 37 37 38 38 38 38 38 38 38 38 38 38 38 38 38 38 38 38 38 38 38 38 38 38 38 38 38 38 38 38 38 38 38 38 38 38 38 38 38 38 75 -1 -1 -1 -1 -1 -1 -1 -1 -1 -1 -1 -1 -1 -1 -1 -1 -1 -1 -1 -1 -1 -1 -1 -1 -1 -1 -1 -1 -1 -1 -1 -1 -1 -1 -1 -1 -1 -1 -1 -1 -1 -1 -1 -1
-1 -1 -1 -1 -1 -1 51 51 51 51 76 44 38 38 35 33 31 33 34 34 35 36 37 36 36 37 37 38 37 38 37 35 36 35 36 35 33 30 32 20 20 20 19 19 19 18 16 16 16 16 15 14 14 14 14 14 14 14 14 14 14 14 14 14 14 14 15 18 18 18 18 19 22 27 30 31 31 33 33 33 35 35 35 35 36 36 36 36 37 37 37 37 37 37 37 37 37 37 37 37 37 37 38 38 38 38 38 38 38 38 38 38 38 38 38 38 38 38 38 38 38 38 38 38 38 38 38 38 38 38 38 38 38 38 38 38 75 -1 -1 -1 -1 -1 -1 -1 -1 -1 -1 -1 -1 -1 -1 -1 -1 -1 -1 -1 -1 -1 -1 -1 -1 -1 -1 -1 -1 -1 -1 -1 -1 -1 -1 -1 -1 -1 -1 -1 -1 -1 -1 -1 -1
-1 -1 -1 -1 -1 -1 52 53 50 50 75 37 38 38 36 33 33 34 34 33 35 36 35 36 36 37 38 38 38 38 36 36 36 37 36 35 33 31 24 20 20 20 19 19 19 18 16 16 16 16 15 14 14 14 14 14 14 14 14 14 14 14 14 14 14 14 15 17 18 18 18 19 21 24 28 30 31 31 33 33 33 33 35 35 35 36 36 36 36 36 36 37 37 37 37 37 37 37 37 37 37 37 37 37 37 37 38 38 38 38 38 38 38 38 38 38 38 38 38 38 38 38 38 38 38 38 38 38 38 38 38 38 38 38 38 38 75 -1 -1 -1 -1 -1 -1 -1 -1 -1 -1 -1 -1 -1 -1 -1 -1 -1 -1 -1 -1 -1 -1 -1 -1 -1 -1 -1 -1 -1 -1 -1 -1 -1 -1 -1 -1 -1 -1 -1 -1 -1 -1 -1 -1
-1 -1 -1 -1 -1 -1 -1 52 52 52 75 75 67 63 62 59 59 45 34 33 36 34 35 36 36 37 38 38 38 38 36 36 36 36 37 35 33 25 22 20 20 20 19 19 18 18 16 16 16 16 14 14 14 14 14 14 14 14 14 14 14 14 14 14 14 14 14 17 18 18 18 18 21 22 27 28 30 31 31 32 33 33 33 35 35 35 35 36 36 36 36 36 36 37 37 37 37 37 37 37 37 37 37 37 37 37 37 37 37 37 37 38 38 38 38 38 38 38 38 38 38 38 38 38 38 38 38 38 38 38 38 38 38 38 38 38 75 -1 -1 -1 -1 -1 -1 -1 -1 -1 -1 -1 -1 -1 -1 -1 -1 -1 -1 -1 -1 -1 -1 -1 -1 -1 -1 -1 -1 -1 -1 -1 -1 -1 -1 -1 -1 -1 -1 -1 -1 -1 -1 -1 -1
-1 -1 -1 -1 -1 -1 -1 -1 -1 -1 55 75 68 76 70 65 69 60 33 34 36 35 36 36 37 36 38 38 37 38 35 36 37 36 37 35 32 24 26 25 20 20 19 19 18 18 16 16 16 16 14 14 14 14 14 14 14 14 14 14 14 14 14 14 14 14 14 17 18 18 18 18 19 22 24 27 29 31 31 31 32 33 33 33 33 35 35 35 35 36 36 36 36 36 36 36 37 37 37 37 37 37 37 37 37 37 37 37 37 37 37 37 37 37 37 38 38 38 38 38 38 38 38 38 38 38 38 38 38 38 38 38 38 38 38 38 75 -1 -1 -1 -1 -1 -1 -1 -1 -1 -1 -1 -1 -1 -1 -1 -1 -1 -1 -1 -1 -1 -1 -1 -1 -1 -1 -1 -1 -1 -1 -1 -1 -1 -1 -1 -1 -1 -1 -1 -1 -1 -1 -1 -1
-1 -1 -1 -1 -1 -1 -1 -1 -1 -1 -1 -1 55 59 57 49 56 68 33 35 34 35 35 36 37 37 38 38 37 37 36 36 38 36 35 35 25 23 22 20 20 20 19 19 18 17 16 16 16 16 14 14 14 14 14 14 14 14 14 14 14 14 14 14 14 14 14 16 18 18 18 18 19 21 22 27 28 30 30 31 31 32 33 33 35 35 37 37 38 38 35 36 36 36 36 36 36 36 36 37 37 37 37 37 37 37 37 37 37 37 37 37 37 37 37 37 37 37 37 37 38 38 38 38 38 38 38 38 38 38 38 38 38 38 38 38 75 -1 -1 -1 -1 -1 -1 -1 -1 -1 -1 -1 -1 -1 -1 -1 -1 -1 -1 -1 -1 -1 -1 -1 -1 -1 -1 -1 -1 -1 -1 -1 -1 -1 -1 -1 -1 -1 -1 -1 -1 -1 -1 -1 -1
-1 -1 -1 -1 -1 -1 -1 -1 -1 -1 -1 -1 51 54 53 46 58 68 33 33 34 34 36 36 36 38 38 37 39 37 36 36 39 35 35 27 23 23 22 20 20 20 19 19 18 17 16 16 16 16 14 14 14 14 14 14 14 14 14 14 14 14 14 14 14 14 14 16 18 18 18 18 19 21 22 24 27 28 30 31 31 31 32 33 33 33 35 35 35 35 35 35 35 37 37 40 40 42 42 41 41 41 40 37 37 37 37 37 37 37 37 37 37 37 37 37 37 37 37 37 37 37 37 37 38 38 38 38 38 38 38 38 38 38 38 38 75 -1 -1 -1 -1 -1 -1 -1 -1 -1 -1 -1 -1 -1 -1 -1 -1 -1 -1 -1 -1 -1 -1 -1 -1 -1 -1 -1 -1 -1 -1 -1 -1 -1 -1 -1 -1 -1 -1 -1 -1 -1 -1 -1 -1
-1 -1 -1 -1 -1 -1 -1 -1 -1 -1 -1 -1 51 55 54 46 51 65 34 34 35 34 36 36 36 38 37 37 39 37 36 36 38 36 32 25 24 23 27 25 20 19 19 19 18 16 16 16 16 16 14 14 14 14 14 14 14 14 14 14 14 14 14 14 14 14 14 16 18 18 18 18 18 20 21 22 26 27 29 30 31 31 31 33 33 33 33 33 33 33 35 35 35 35 35 37 37 37 37 37 37 36 36 37 41 41 41 42 42 42 42 42 42 42 41 38 37 37 37 37 37 37 37 37 37 37 37 37 37 38 38 38 38 38 38 38 75 -1 -1 -1 -1 -1 -1 -1 -1 -1 -1 -1 -1 -1 -1 -1 -1 -1 -1 -1 -1 -1 -1 -1 -1 -1 -1 -1 -1 -1 -1 -1 -1 -1 -1 -1 -1 -1 -1 -1 -1 -1 -1 -1 -1
-1 -1 -1 -1 -1 -1 -1 -1 -1 -1 -1 -1 50 53 53 48 54 71 33 34 34 35 36 36 36 38 37 37 39 36 36 38 37 35 27 24 24 27 58 20 20 19 19 19 18 16 16 16 16 16 14 14 14 14 14 14 14 14 14 14 14 14 14 14 14 14 14 16 18 18 18 18 18 19 21 22 24 27 28 29 30 31 31 31 32 33 33 33 33 33 35 35 35 35 35 35 35 36 36 36 36 36 36 37 37 37 37 38 38 38 38 38 38 40 41 41 42 42 42 42 42 42 42 42 42 42 42 40 37 37 37 37 37 38 38 38 75 -1 -1 -1 -1 -1 -1 -1 -1 -1 -1 -1 -1 -1 -1 -1 -1 -1 -1 -1 -1 -1 -1 -1 -1 -1 -1 -1 -1 -1 -1 -1 -1 -1 -1 -1 -1 -1 -1 -1 -1 -1 -1 -1 -1
-1 -1 -1 -1 -1 -1 -1 -1 -1 -1 -1 -1 -1 52 51 47 51 67 33 33 34 36 35 36 38 37 38 39 38 37 37 38 36 29 26 25 24 28 44 20 20 19 19 19 18 16 16 16 16 15 14 14 14 14 14 14 14 14 14 14 14 14 14 14 15 14 14 15 18 18 18 18 18 19 21 22 22 26 27 28 29 30 31 31 31 32 33 33 33 33 33 33 33 35 35 35 35 35 36 37 36 36 36 36 36 37 37 36 36 37 37 38 38 38 38 38 38 38 38 38 38 39 41 41 41 42 42 42 42 42 42 42 42 42 42 42 70 -1 -1 -1 -1 -1 -1 -1 -1 -1 -1 -1 -1 -1 -1 -1 -1 -1 -1 -1 -1 -1 -1 -1 -1 -1 -1 -1 -1 -1 -1 -1 -1 -1 -1 -1 -1 -1 -1 -1 -1 -1 -1 -1 -1
-1 -1 -1 -1 -1 -1 -1 -1 -1 -1 -1 -1 50 49 50 46 49 72 34 34 34 36 36 36 38 37 38 39 38 37 39 38 32 27 26 25 24 32 28 20 20 19 19 19 18 16 16 16 16 15 14 14 14 14 14 14 14 14 14 14 14 14 14 14 14 14 14 15 18 18 18 18 18 18 21 21 22 24 27 27 29 30 30 31 31 31 32 33 33 33 33 33 33 33 35 35 35 35 35 35 35 36 36 37 37 37 37 37 36 36 36 36 37 39 40 38 37 37 37 38 38 38 38 38 38 38 38 38 38 38 38 41 42 42 42 42 68 -1 -1 -1 -1 -1 -1 -1 -1 -1 -1 -1 -1 -1 -1 -1 -1 -1 -1 -1 -1 -1 -1 -1 -1 -1 -1 -1 -1 -1 -1 -1 -1 -1 -1 -1 -1 -1 -1 -1 -1 -1 -1 -1 -1
-1 -1 -1 -1 -1 -1 -1 -1 -1 -1 -1 -1 49 47 46 46 45 50 39 34 35 35 36 36 37 37 38 38 37 37 38 36 28 27 26 25 23 33 23 20 20 19 19 19 18 16 16 16 16 15 14 14 14 14 14 14 14 14 14 14 20 20 31 47 47 47 14 15 17 18 18 18 18 18 19 21 22 22 26 27 28 29 30 30 31 31 31 32 32 33 33 33 33 33 33 33 35 35 35 35 35 35 35 36 36 36 36 36 36 36 37 38 37 37 37 38 37 37 37 37 38 40 40 38 37 37 37 37 38 38 38 38 38 38 38 38 63 44 44 44 47 48 48 48 -1 -1 -1 -1 -1 -1 -1 -1 -1 -1 -1 -1 -1 -1 -1 -1 -1 -1 -1 -1 -1 -1 -1 -1 -1 -1 -1 -1 -1 -1 -1 -1 -1 -1 -1 -1 -1
-1 -1 -1 -1 -1 -1 -1 -1 -1 -1 -1 50 49 46 46 45 44 34 33 34 34 35 36 37 37 37 37 38 38 39 38 32 27 27 27 25 29 28 22 20 20 19 19 19 18 16 16 16 16 14 14 14 14 14 14 14 14 14 20 47 47 42 42 29 20 21 20 16 16 18 18 18 18 18 19 21 21 22 24 26 27 28 29 30 30 31 31 31 32 32 33 33 33 33 33 33 33 33 35 35 35 35 35 35 35 36 36 36 36 36 36 36 36 36 37 37 36 38 39 39 38 39 38 38 37 37 37 37 39 40 40 39 37 37 37 37 63 44 44 44 44 44 44 44 44 44 44 44 44 47 48 48 48 48 -1 -1 -1 -1 -1 -1 -1 -1 -1 -1 -1 -1 -1 -1 -1 -1 -1 -1 -1 -1 -1 -1 -1 -1 -1 -1 -1
-1 -1 -1 -1 -1 -1 -1 -1 -1 -1 -1 49 47 46 46 45 40 34 34 34 35 35 36 37 37 38 38 38 39 37 33 29 26 27 27 25 27 31 22 20 20 19 19 19 17 16 16 16 16 14 14 14 14 14 14 14 14 14 25 42 25 25 25 25 25 25 20 20 22 21 18 18 18 18 19 21 21 22 22 25 27 27 28 29 30 31 31 31 31 32 32 33 33 33 33 33 33 33 33 35 35 35 35 35 35 35 35 36 36 36 36 36 36 36 36 36 36 36 36 36 37 38 38 38 40 39 39 38 38 38 38 38 37 37 37 42 65 46 46 46 44 44 44 44 44 44 44 44 44 44 44 44 44 44 44 44 44 44 47 48 48 48 48 -1 -1 -1 -1 -1 -1 -1 -1 -1 -1 -1 -1 -1 -1 -1 -1 -1 -1
-1 -1 -1 -1 -1 -1 -1 -1 -1 -1 50 49 46 46 45 45 35 33 34 34 35 36 35 37 37 37 38 38 37 36 30 29 27 28 26 25 31 30 21 20 20 19 19 19 17 16 16 16 16 14 14 14 14 14 14 15 16 18 19 54 25 25 25 22 21 21 21 21 22 23 24 24 20 18 18 19 21 22 22 24 26 27 28 29 30 30 31 31 31 31 32 32 33 33 33 33 33 33 33 33 33 35 35 35 35 35 35 35 35 36 36 36 36 36 36 36 36 36 36 36 36 36 36 37 37 37 37 39 39 38 38 39 40 39 39 38 49 39 46 42 42 42 44 49 49 46 46 46 44 44 44 44 44 44 44 44 44 44 44 44 44 44 44 44 44 64 -1 -1 -1 -1 -1 -1 -1 -1 -1 -1 -1 -1 -1 -1 -1
-1 -1 -1 -1 -1 -1 -1 -1 -1 -1 49 47 46 45 45 42 34 33 33 34 35 35 37 37 37 37 38 38 37 32 29 29 27 28 27 27 32 25 20 20 20 19 19 18 17 16 16 16 16 14 14 14 14 14 14 16 19 19 19 54 26 26 31 28 26 26 26 21 22 24 24 24 24 24 22 20 21 21 22 23 25 27 27 28 29 30 30 31 31 31 31 32 32 33 33 33 33 33 33 33 33 33 35 35 35 35 35 35 35 35 35 36 36 36 36 36 36 36 37 36 36 36 36 36 36 37 37 37 37 37 37 38 37 37 38 38 39 39 39 45 40 42 63 48 48 48 48 49 49 49 49 49 49 46 46 46 46 44 44 44 44 44 44 44 44 64 -1 -1 -1 -1 -1 -1 -1 -1 -1 -1 -1 -1 -1 -1 -1
-1 -1 -1 -1 -1 -1 -1 -1 -1 49 49 46 46 45 45 37 34 34 33 35 35 35 37 37 37 39 38 38 32 31 28 29 27 27 27 28 33 25 20 20 19 19 19 18 16 16 16 16 16 14 14 14 14 14 14 15 18 22 27 63 58 75 75 74 73 72 55 26 22 24 24 24 24 24 24 24 26 23 22 22 24 26 27 27 28 29 30 30 31 31 31 31 32 32 33 33 33 33 33 33 33 33 33 33 35 35 35 35 35 35 35 35 35 36 36 36 36 36 36 36 36 36 36 37 37 36 36 37 37 37 37 37 37 37 38 38 37 37 37 37 38 38 49 45 48 45 46 48 48 48 48 48 48 49 49 49 49 49 49 49 49 46 46 46 46 59 -1 -1 -1 -1 -1 -1 -1 -1 -1 -1 -1 -1 -1 -1 -1
-1 -1 -1 -1 -1 -1 -1 -1 -1 49 47 46 45 45 42 36 33 33 34 35 35 35 37 36 37 39 38 37 30 30 29 29 27 27 27 33 33 24 20 20 19 19 19 18 16 16 16 16 16 14 14 14 14 14 14 20 27 27 50 75 75 75 70 58 55 52 40 24 22 23 24 24 24 24 24 24 25 26 26 25 24 25 26 27 28 29 29 30 30 31 31 31 31 32 32 33 33 33 33 33 33 33 33 33 33 33 35 35 35 35 35 35 35 35 35 36 36 36 36 36 36 36 36 36 36 36 36 36 36 37 37 37 38 37 37 37 38 38 38 37 37 37 43 38 38 38 38 39 44 40 44 51 48 49 49 49 48 48 49 49 49 52 49 49 49 52 -1 -1 -1 -1 -1 -1 -1 -1 -1 -1 -1 -1 -1 -1 -1
-1 -1 -1 -1 -1 -1 -1 -1 49 49 46 45 45 45 39 34 33 33 34 34 35 37 37 36 37 39 35 32 31 30 29 29 29 28 28 33 32 23 20 20 19 19 19 18 16 16 16 16 15 14 14 14 14 14 14 16 18 18 40 73 -1 -1 -1 49 47 46 46 31 24 24 24 24 24 24 24 24 25 26 26 27 27 30 30 28 44 55 51 29 30 30 31 31 31 31 32 32 32 33 33 33 33 33 33 33 33 33 33 35 35 35 35 35 35 35 35 35 35 36 36 36 36 36 36 36 36 36 36 36 36 36 36 36 36 37 39 38 44 43 53 43 44 50 48 48 43 48 55 48 57 49 55 56 44 45 45 46 47 47 47 48 49 49 49 49 -1 -1 -1 -1 -1 -1 -1 -1 -1 -1 -1 -1 -1 -1 -1 -1 -1
-1 -1 -1 -1 -1 -1 -1 -1 50 49 46 45 45 42 37 33 33 33 35 34 35 37 36 36 38 36 31 31 30 30 29 29 29 28 29 33 32 23 20 20 19 19 19 18 16 16 16 16 15 14 14 14 14 14 14 16 18 18 24 73 -1 -1 -1 49 47 46 46 38 28 27 25 25 24 24 24 24 25 27 27 27 27 28 31 32 33 33 33 35 35 32 30 31 31 31 31 32 32 32 33 33 33 33 33 33 33 33 33 33 33 35 35 35 35 35 35 40 40 35 35 42 47 51 51 57 54 54 51 57 54 57 47 47 60 48 54 48 55 53 46 51 44 51 57 51 46 44 44 42 42 48 42 48 44 44 44 44 44 44 44 45 46 46 46 47 47 47 52 -1 -1 -1 -1 -1 -1 -1 -1 -1 -1 -1 -1 -1 -1
-1 -1 -1 -1 -1 -1 -1 50 49 47 45 49 43 40 36 33 33 34 34 35 35 36 36 37 38 33 30 30 31 30 29 29 29 28 33 35 31 23 20 20 19 19 19 18 16 16 16 16 14 14 14 14 14 14 14 16 18 18 24 73 54 -1 -1 49 47 46 46 43 35 29 29 27 25 25 24 24 24 26 27 27 28 28 30 37 38 38 39 35 35 35 35 35 32 31 31 31 37 32 37 38 49 49 52 58 49 58 58 58 55 58 50 56 58 54 58 54 54 51 58 52 49 50 46 42 42 42 42 42 42 42 42 42 42 42 47 47 42 47 42 48 42 42 68 52 52 49 52 49 49 46 45 44 44 44 44 44 44 44 44 44 44 44 44 45 45 58 55 -1 -1 -1 -1 -1 -1 -1 -1 -1 -1 -1 -1 -1 -1
-1 -1 -1 -1 -1 -1 -1 50 53 48 49 45 42 37 33 33 33 34 34 35 36 36 36 37 36 29 29 32 30 30 29 30 29 30 35 35 30 23 20 20 19 19 19 18 16 16 16 16 14 14 14 14 14 14 14 16 18 18 24 72 63 -1 -1 49 47 46 46 45 37 31 30 30 29 26 25 25 24 25 27 27 28 28 29 32 33 33 33 35 35 35 36 35 36 36 36 32 55 55 57 55 51 51 46 43 38 38 39 39 39 39 39 39 40 45 40 45 45 40 45 45 46 46 47 47 47 42 47 42 47 42 47 47 42 47 42 42 42 42 42 42 42 44 55 58 51 52 -1 -1 -1 -1 -1 -1 49 47 47 45 44 44 44 44 44 44 52 50 44 64 -1 -1 -1 -1 -1 -1 -1 -1 -1 -1 -1 -1 -1 -1 -1
-1 -1 -1 -1 -1 -1 -1 51 50 49 46 54 42 37 33 33 33 33 34 35 36 36 36 36 31 28 31 32 30 30 29 30 35 36 35 35 27 23 20 20 19 19 19 17 16 16 16 16 14 14 14 14 14 14 14 16 18 24 29 71 64 -1 -1 49 47 46 46 46 40 34 32 31 30 29 27 26 25 26 27 27 27 33 33 31 32 33 33 35 35 35 35 36 36 36 36 36 42 42 43 43 43 44 44 44 44 44 44 44 44 44 44 44 44 44 41 41 41 41 41 41 41 41 42 42 42 42 42 42 42 42 42 42 42 42 42 42 42 42 42 42 42 42 42 48 49 49 45 50 48 52 -1 -1 -1 -1 -1 -1 49 48 47 51 51 44 53 58 53 59 -1 -1 -1 -1 -1 -1 -1 -1 -1 -1 -1 -1 -1 -1 -1
-1 -1 -1 -1 -1 -1 -1 51 56 49 46 53 49 35 33 33 33 34 35 35 36 36 35 33 29 28 31 31 30 30 36 35 54 35 37 33 54 50 20 20 19 19 19 17 16 16 22 27 47 47 47 47 47 47 47 49 51 51 46 70 74 -1 -1 49 47 46 46 46 44 37 34 32 31 30 29 28 27 26 27 33 74 75 75 75 75 75 75 75 50 35 35 36 36 36 37 37 37 37 37 38 38 38 39 39 39 39 39 39 39 40 40 40 40 40 40 41 41 41 41 41 41 41 41 41 42 42 42 42 42 42 42 48 52 42 48 52 48 52 55 52 55 52 52 57 52 58 44 58 53 56 52 -1 -1 -1 -1 -1 -1 -1 -1 -1 -1 49 52 -1 52 -1 -1 -1 -1 -1 -1 -1 -1 -1 -1 -1 -1 -1 -1 -1 -1
-1 -1 -1 -1 -1 -1 -1 53 54 49 46 54 48 33 33 33 33 34 35 35 36 35 40 55 55 56 57 57 56 56 57 54 49 35 36 33 35 53 51 47 51 51 51 49 49 49 49 44 20 20 20 20 20 20 20 22 24 29 29 69 69 -1 -1 50 47 46 46 46 45 42 37 34 31 31 30 29 29 28 29 53 75 68 59 61 59 55 57 54 55 40 35 35 36 36 36 37 37 37 37 37 38 38 38 39 39 39 39 39 39 39 40 45 40 40 45 45 45 62 54 54 54 62 62 62 60 54 62 60 63 57 60 58 60 52 63 58 61 61 56 54 53 53 58 54 56 51 54 52 52 55 52 -1 -1 -1 -1 -1 -1 -1 -1 -1 -1 -1 -1 -1 -1 -1 -1 -1 -1 -1 -1 -1 -1 -1 -1 -1 -1 -1 -1 -1 -1
-1 -1 -1 -1 -1 -1 -1 51 56 49 46 53 47 33 33 33 33 34 34 36 36 35 34 34 33 36 38 37 36 35 43 40 35 36 36 38 35 26 30 38 29 24 24 22 22 22 27 27 26 28 28 28 28 28 30 30 29 29 24 54 69 49 -1 50 50 49 49 49 49 46 37 36 33 31 31 30 29 29 29 46 75 -1 -1 -1 -1 -1 -1 -1 49 52 37 42 41 42 42 54 57 65 65 65 66 63 71 69 64 69 69 66 69 75 75 75 69 75 70 70 73 61 58 63 58 58 59 54 57 59 54 57 49 52 51 55 52 49 52 -1 -1 -1 -1 -1 -1 -1 -1 -1 -1 -1 -1 -1 -1 -1 -1 -1 -1 -1 -1 -1 -1 -1 -1 -1 -1 -1 -1 -1 -1 -1 -1 -1 -1 -1 -1 -1 -1 -1 -1 -1 -1 -1 -1 -1 -1
-1 -1 -1 -1 -1 -1 -1 50 53 49 46 56 49 38 33 33 34 34 34 37 43 39 41 42 40 42 44 43 42 41 43 42 36 37 42 33 35 31 31 30 30 30 30 30 30 30 30 25 27 27 26 26 26 26 26 26 30 30 30 41 72 49 -1 50 51 50 50 50 49 47 46 48 46 49 47 56 67 75 75 75 75 -1 -1 -1 -1 -1 -1 -1 -1 -1 64 67 72 71 75 75 75 70 66 64 66 64 59 61 61 61 57 56 59 49 52 -1 -1 -1 -1 -1 -1 -1 -1 -1 -1 -1 -1 -1 -1 -1 -1 -1 -1 -1 -1 -1 -1 -1 -1 -1 -1 -1 -1 -1 -1 -1 -1 -1 -1 -1 -1 -1 -1 -1 -1 -1 -1 -1 -1 -1 -1 -1 -1 -1 -1 -1 -1 -1 -1 -1 -1 -1 -1 -1 -1 -1 -1 -1 -1 -1 -1 -1 -1 -1 -1
-1 -1 -1 -1 -1 -1 -1 50 54 55 51 69 53 43 38 38 39 39 40 41 40 39 44 44 45 40 42 40 39 37 38 42 36 38 37 52 46 48 37 31 31 31 30 31 31 31 31 30 31 35 35 35 35 40 50 46 47 54 73 75 75 52 -1 -1 52 55 55 55 55 57 70 74 75 75 75 75 75 73 73 66 -1 -1 -1 -1 -1 -1 -1 -1 -1 -1 -1 -1 -1 -1 -1 -1 -1 -1 -1 -1 -1 -1 -1 -1 -1 -1 -1 -1 -1 -1 -1 -1 -1 -1 -1 -1 -1 -1 -1 -1 -1 -1 -1 -1 -1 -1 -1 -1 -1 -1 -1 -1 -1 -1 -1 -1 -1 -1 -1 -1 -1 -1 -1 -1 -1 -1 -1 -1 -1 -1 -1 -1 -1 -1 -1 -1 -1 -1 -1 -1 -1 -1 -1 -1 -1 -1 -1 -1 -1 -1 -1 -1 -1 -1 -1 -1 -1 -1 -1 -1 -1
-1 -1 -1 -1 -1 -1 -1 50 55 49 49 64 63 46 42 43 43 44 45 45 49 48 44 44 50 53 51 51 49 49 52 55 60 52 52 56 65 72 69 68 74 74 75 75 75 75 75 75 75 75 75 75 75 75 75 75 75 75 75 75 61 -1 -1 -1 -1 -1 -1 -1 -1 -1 -1 -1 -1 -1 -1 -1 -1 -1 -1 -1 -1 -1 -1 -1 -1 -1 -1 -1 -1 -1 -1 -1 -1 -1 -1 -1 -1 -1 -1 -1 -1 -1 -1 -1 -1 -1 -1 -1 -1 -1 -1 -1 -1 -1 -1 -1 -1 -1 -1 -1 -1 -1 -1 -1 -1 -1 -1 -1 -1 -1 -1 -1 -1 -1 -1 -1 -1 -1 -1 -1 -1 -1 -1 -1 -1 -1 -1 -1 -1 -1 -1 -1 -1 -1 -1 -1 -1 -1 -1 -1 -1 -1 -1 -1 -1 -1 -1 -1 -1 -1 -1 -1 -1 -1 -1 -1 -1 -1 -1 -1 -1
-1 -1 -1 -1 -1 -1 -1 -1 52 55 52 58 75 70 64 71 70 74 72 71 75 71 69 71 72 70 70 75 75 75 75 75 70 73 75 75 75 75 75 75 75 75 75 69 72 67 66 61 59 55 55 52 52 -1 -1 -1 -1 -1 -1 -1 -1 -1 -1 -1 -1 -1 -1 -1 -1 -1 -1 -1 -1 -1 -1 -1 -1 -1 -1 -1 -1 -1 -1 -1 -1 -1 -1 -1 -1 -1 -1 -1 -1 -1 -1 -1 -1 -1 -1 -1 -1 -1 -1 -1 -1 -1 -1 -1 -1 -1 -1 -1 -1 -1 -1 -1 -1 -1 -1 -1 -1 -1 -1 -1 -1 -1 -1 -1 -1 -1 -1 -1 -1 -1 -1 -1 -1 -1 -1 -1 -1 -1 -1 -1 -1 -1 -1 -1 -1 -1 -1 -1 -1 -1 -1 -1 -1 -1 -1 -1 -1 -1 -1 -1 -1 -1 -1 -1 -1 -1 -1 -1 -1 -1 -1 -1 -1 -1 -1 -1 -1
-1 -1 -1 -1 -1 -1 -1 -1 -1 -1 52 52 68 68 63 58 56 54 57 57 59 59 59 54 55 52 49 52 -1 -1 -1 -1 -1 -1 -1 -1 -1 -1 52 55 55 55 55 55 55 52 52 -1 -1 -1 -1 -1 -1 -1 -1 -1 -1 -1 -1 -1 -1 -1 -1 -1 -1 -1 -1 -1 -1 -1 -1 -1 -1 -1 -1 -1 -1 -1 -1 -1 -1 -1 -1 -1 -1 -1 -1 -1 -1 -1 -1 -1 -1 -1 -1 -1 -1 -1 -1 -1 -1 -1 -1 -1 -1 -1 -1 -1 -1 -1 -1 -1 -1 -1 -1 -1 -1 -1 -1 -1 -1 -1 -1 -1 -1 -1 -1 -1 -1 -1 -1 -1 -1 -1 -1 -1 -1 -1 -1 -1 -1 -1 -1 -1 -1 -1 -1 -1 -1 -1 -1 -1 -1 -1 -1 -1 -1 -1 -1 -1 -1 -1 -1 -1 -1 -1 -1 -1 -1 -1 -1 -1 -1 -1 -1 -1 -1 -1 -1 -1 -1
-1 -1 -1 -1 -1 -1 -1 -1 -1 -1 -1 -1 -1 -1 52 52 52 52 -1 -1 -1 -1 -1 -1 -1 -1 -1 -1 -1 -1 -1 -1 -1 -1 -1 -1 -1 -1 -1 -1 -1 -1 -1 -1 -1 -1 -1 -1 -1 -1 -1 -1 -1 -1 -1 -1 -1 -1 -1 -1 -1 -1 -1 -1 -1 -1 -1 -1 -1 -1 -1 -1 -1 -1 -1 -1 -1 -1 -1 -1 -1 -1 -1 -1 -1 -1 -1 -1 -1 -1 -1 -1 -1 -1 -1 -1 -1 -1 -1 -1 -1 -1 -1 -1 -1 -1 -1 -1 -1 -1 -1 -1 -1 -1 -1 -1 -1 -1 -1 -1 -1 -1 -1 -1 -1 -1 -1 -1 -1 -1 -1 -1 -1 -1 -1 -1 -1 -1 -1 -1 -1 -1 -1 -1 -1 -1 -1 -1 -1 -1 -1 -1 -1 -1 -1 -1 -1 -1 -1 -1 -1 -1 -1 -1 -1 -1 -1 -1 -1 -1 -1 -1 -1 -1 -1 -1 -1 -1 -1 -1 -1
-1 -1 -1 -1 -1 -1 -1 -1 -1 -1 -1 -1 -1 -1 -1 -1 -1 -1 -1 -1 -1 -1 -1 -1 -1 -1 -1 -1 -1 -1 -1 -1 -1 -1 -1 -1 -1 -1 -1 -1 -1 -1 -1 -1 -1 -1 -1 -1 -1 -1 -1 -1 -1 -1 -1 -1 -1 -1 -1 -1 -1 -1 -1 -1 -1 -1 -1 -1 -1 -1 -1 -1 -1 -1 -1 -1 -1 -1 -1 -1 -1 -1 -1 -1 -1 -1 -1 -1 -1 -1 -1 -1 -1 -1 -1 -1 -1 -1 -1 -1 -1 -1 -1 -1 -1 -1 -1 -1 -1 -1 -1 -1 -1 -1 -1 -1 -1 -1 -1 -1 -1 -1 -1 -1 -1 -1 -1 -1 -1 -1 -1 -1 -1 -1 -1 -1 -1 -1 -1 -1 -1 -1 -1 -1 -1 -1 -1 -1 -1 -1 -1 -1 -1 -1 -1 -1 -1 -1 -1 -1 -1 -1 -1 -1 -1 -1 -1 -1 -1 -1 -1 -1 -1 -1 -1 -1 -1 -1 -1 -1 -1
-1 -1 -1 -1 -1 -1 -1 -1 -1 -1 -1 -1 -1 -1 -1 -1 -1 -1 -1 -1 -1 -1 -1 -1 -1 -1 -1 -1 -1 -1 -1 -1 -1 -1 -1 -1 -1 -1 -1 -1 -1 -1 -1 -1 -1 -1 -1 -1 -1 -1 -1 -1 -1 -1 -1 -1 -1 -1 -1 -1 -1 -1 -1 -1 -1 -1 -1 -1 -1 -1 -1 -1 -1 -1 -1 -1 -1 -1 -1 -1 -1 -1 -1 -1 -1 -1 -1 -1 -1 -1 -1 -1 -1 -1 -1 -1 -1 -1 -1 -1 -1 -1 -1 -1 -1 -1 -1 -1 -1 -1 -1 -1 -1 -1 -1 -1 -1 -1 -1 -1 -1 -1 -1 -1 -1 -1 -1 -1 -1 -1 -1 -1 -1 -1 -1 -1 -1 -1 -1 -1 -1 -1 -1 -1 -1 -1 -1 -1 -1 -1 -1 -1 -1 -1 -1 -1 -1 -1 -1 -1 -1 -1 -1 -1 -1 -1 -1 -1 -1 -1 -1 -1 -1 -1 -1 -1 -1 -1 -1 -1 -1
-1 -1 -1 -1 -1 -1 -1 -1 -1 -1 -1 -1 -1 -1 -1 -1 -1 -1 -1 -1 -1 -1 -1 -1 -1 -1 -1 -1 -1 -1 -1 -1 -1 -1 -1 -1 -1 -1 -1 -1 -1 -1 -1 -1 -1 -1 -1 -1 -1 -1 -1 -1 -1 -1 -1 -1 -1 -1 -1 -1 -1 -1 -1 -1 -1 -1 -1 -1 -1 -1 -1 -1 -1 -1 -1 -1 -1 -1 -1 -1 -1 -1 -1 -1 -1 -1 -1 -1 -1 -1 -1 -1 -1 -1 -1 -1 -1 -1 -1 -1 -1 -1 -1 -1 -1 -1 -1 -1 -1 -1 -1 -1 -1 -1 -1 -1 -1 -1 -1 -1 -1 -1 -1 -1 -1 -1 -1 -1 -1 -1 -1 -1 -1 -1 -1 -1 -1 -1 -1 -1 -1 -1 -1 -1 -1 -1 -1 -1 -1 -1 -1 -1 -1 -1 -1 -1 -1 -1 -1 -1 -1 -1 -1 -1 -1 -1 -1 -1 -1 -1 -1 -1 -1 -1 -1 -1 -1 -1 -1 -1 -1
-1 -1 -1 -1 -1 -1 -1 -1 -1 -1 -1 -1 -1 -1 -1 -1 -1 -1 -1 -1 -1 -1 -1 -1 -1 -1 -1 -1 -1 -1 -1 -1 -1 -1 -1 -1 -1 -1 -1 -1 -1 -1 -1 -1 -1 -1 -1 -1 -1 -1 -1 -1 -1 -1 -1 -1 -1 -1 -1 -1 -1 -1 -1 -1 -1 -1 -1 -1 -1 -1 -1 -1 -1 -1 -1 -1 -1 -1 -1 -1 -1 -1 -1 -1 -1 -1 -1 -1 -1 -1 -1 -1 -1 -1 -1 -1 -1 -1 -1 -1 -1 -1 -1 -1 -1 -1 -1 -1 -1 -1 -1 -1 -1 -1 -1 -1 -1 -1 -1 -1 -1 -1 -1 -1 -1 -1 -1 -1 -1 -1 -1 -1 -1 -1 -1 -1 -1 -1 -1 -1 -1 -1 -1 -1 -1 -1 -1 -1 -1 -1 -1 -1 -1 -1 -1 -1 -1 -1 -1 -1 -1 -1 -1 -1 -1 -1 -1 -1 -1 -1 -1 -1 -1 -1 -1 -1 -1 -1 -1 -1 -1
-1 -1 -1 -1 -1 -1 -1 -1 -1 -1 -1 -1 -1 -1 -1 -1 -1 -1 -1 -1 -1 -1 -1 -1 -1 -1 -1 -1 -1 -1 -1 -1 -1 -1 -1 -1 -1 -1 -1 -1 -1 -1 -1 -1 -1 -1 -1 -1 -1 -1 -1 -1 -1 -1 -1 -1 -1 -1 -1 -1 -1 -1 -1 -1 -1 -1 -1 -1 -1 -1 -1 -1 -1 -1 -1 -1 -1 -1 -1 -1 -1 -1 -1 -1 -1 -1 -1 -1 -1 -1 -1 -1 -1 -1 -1 -1 -1 -1 -1 -1 -1 -1 -1 -1 -1 -1 -1 -1 -1 -1 -1 -1 -1 -1 -1 -1 -1 -1 -1 -1 -1 -1 -1 -1 -1 -1 -1 -1 -1 -1 -1 -1 -1 -1 -1 -1 -1 -1 -1 -1 -1 -1 -1 -1 -1 -1 -1 -1 -1 -1 -1 -1 -1 -1 -1 -1 -1 -1 -1 -1 -1 -1 -1 -1 -1 -1 -1 -1 -1 -1 -1 -1 -1 -1 -1 -1 -1 -1 -1 -1 -1
